8388663,4522304226795264
8388759,4524494644387584
8388887,4838954968882944
8389655,13529494891601664
8390679,4524494660116224
8396823,4557548711649024
8405015,4557479992172289
8421399,4522372929494784
8454167,4524494643339009
8519703,13529563594301184
9437207,4522304211066624
10485783,4803770596802304
12582935,13810969851535104
41943063,4522295888649984
1081383,1232673510144
67719,16496987280129
8388667,4522304226725649
8388699,4522295888449299
8388763,4524494644317969
8388891,4838954968813329
8389147,4522295636791089
8389659,13529494891532049
8390683,4524494660046609
8392731,4522364339490609
8396827,4557548711579409
8421403,4522372929425169
8519707,13529563594231569
8912923,4803770596724529
9437211,4522304210997009
12582939,13810969851465489
1081387,1232673440529
528907,282647519560689
8388723,4522304495161089
8392755,4522372946202384
1081395,4504832300812032
8421427,4522390126071552
8650803,4522373214637824
8912947,4803779203436304
9437235,4522321407643392
10485811,4803779203440384
25165875,4803779471871744
41943091,4522304495226624
8388819,4524494912753409
8388947,4838955237248769
8389715,13529495159967489
8390739,4524494928482049
8396883,4557548980014849
8421459,4522373197860609
8519763,13529563862667009
8650835,4522365144796929
9437267,4522304479432449
12582995,13810970119900929
25165907,4803771402030849
41943123,4522296425385729
8389267,4524494661095184
67731,4520096614582017
8390803,4528892707606272
8392851,4524563363794704
8454291,4528892690829057
8650899,4524563632230144
8913043,4805969621028624
10485907,4805969621032704
25165971,4805969889464064
41943187,4524494912818944
8389395,4838954985590544
8392979,4839023688290064
8397075,4909392432467712
8405267,4909323712990977
8651027,4839023956725504
41943315,4838955237314304
8393235,4522364356267824
8397331,4557548728356624
8405523,4557480008879889
8421907,4522372946202384
8454675,4524494660046609
8520211,13529563611008784
8913427,4803770613501744
9437715,4522304227774224
12583443,13810969868242704
8393747,13529563611008784
4326419,67836641930118912
8520723,31543962120490752
8651795,13529563879444224
8913939,13810969868242704
10486803,13810969868246784
12583955,31825368377724672
25166867,13810970136678144
41944083,13529495160033024
8394771,4524563379523344
8456211,4528892706557697
8652819,4524563647958784
8914963,4805969636757264
10487827,4805969636761344
25167891,4805969905192704
41945107,4524494928547584
8409107,4557548711579409
8458259,4524563362746129
8654867,4522502046879504
8917011,4803839316201264
9441299,4522372930473744
12587027,13811038570942224
8413203,4627917455757057
8921107,4839023688290064
10493971,4839023688294144
25174035,4839023956725504
41951251,4557548980080384
8667155,4557548980014849
8929299,4838954968813329
10502163,4838954968817409
25182227,4838955237248769
41959443,4557480260603649
8945683,4803847906135824
9469971,4522390110342912
10518547,4803847906139904
25198611,4803848174571264
41975827,4522373197926144
8716307,4524563631181569
8978451,4805969619980049
10551315,4805969619984129
25231379,4805969888415489
42008595,4524494911770369
9043987,13811038570942224
10616851,13811038570946304
12714003,31825437080424192
25296915,13811038839377664
42074131,13529563862732544
9699347,4522373198909184
12845075,13811038839377664
25427987,4803840121507584
42205203,4522365144862464
9961491,4803779187707664
11010067,5366720550149904
25690131,5366720818581264
11534355,4803779187711744
26214419,4803779456143104
42991635,4522304479497984
27262995,5366720818585344
46137363,13810970119966464
58720275,4803771402096384
1081443,1232941875969
1081635,300299836195584
1097763,18824859484929
1605667,282707650151184
3178531,282707650155264
5275683,4786307277521664
9469987,18824859485952
17858595,282707918586624
34635811,1232941941504
50593859,282651529380609
67971,315564149965569
71811,16565706687249
75907,34157892731649
198787,4520165334057729
329859,16565975122689
592003,297971963921169
2164867,297971963925249
4262019,4801571591291649
8456323,34089173255937
16844931,297972232356609
33622147,16497255711489
8413443,546530293450497
6816003,8744420270674704
19398915,4240820911739664
21496067,8744420539106064
23068931,8744420539110144
405507,4523326680597264
23592963,8726828353065744
81997,20890989433119
67725,16492692312339
67733,4520092319683329
4326421,67836637635220224
67749,16497020834049
3621,4506902708949264
67781,16492960747779
50593861,282647234547969
68229,16492725866769
68741,4520092353237249
84101,34084878356739
1116293,16496989376769
2164869,297967669031169
8456325,34084878357249
33622149,16492960878849
8413445,546525998551809
6816005,8744415975780624
19398917,4240816616845584
23068933,8744416244216064
23592965,8726824058171664
528921,4786242851963889
4326425,67836637635150609
82025,20895301107999
528937,282647553114609
67785,16492960678167
82121,25289036923167
528969,282643493028339
83017,4524490633511199
84041,25289052651807
114761,20964003807519
213065,4524559336210719
1130569,20895285379359
2179145,302365966078239
4276297,4805965593444639
50593865,282647234412819
67977,315559854997779
529033,284842248897009
75913,34153597763859
84105,34084878287127
100489,16565706686739
198793,4520161039089939
329865,16561680154899
2164873,297967668957459
4262025,4801567296323859
16844937,297967937388819
33622153,16492960743699
529161,863185364058609
6816009,8744415975706929
19398921,4240816616771889
21496073,8744416244138289
529929,4786242885517809
537097,300372849590769
545289,300235410637299
561673,282784958513649
659977,4786380290916849
791049,282780931981809
2626057,845593178018289
4723209,5349192805384689
8917513,300235410637809
17306121,845593446449649
176137,4523326412161329
307209,19727053226289
405513,4523322385629489
430089,4505734494552369
23592969,8726824058097969
4326481,67836637903586049
50593873,4786246861783809
67985,4819159482368769
71825,4520161039090449
75921,4537753225134849
100497,4520165334057729
329873,4520161307525889
592017,4801567296324369
2164881,4801567296328449
8456337,4537684505659137
16844945,4801567564759809
33622161,4520092588114689
8413457,5050125625853697
19398929,8744416244142864
4342801,67854229821195009
5374993,67836641931166464
12715025,67854229821196032
37880849,67836637903651584
307217,4523326680597264
3681,4506902977315089
68001,315564183519489
3745,4511300756439312
68257,16497087873297
68769,4520096715243777
71841,16565740241169
75937,34157926285569
198817,4520165367611649
329889,16566008676609
592033,297971997475089
2164897,297971997479169
4262049,4801571624845569
16844961,297972265910529
33622177,16497289265409
3873,4805969871634704
8413473,546530310226689
11809,4524563614400784
20001,4524494894924049
69153,4511300755390737
265761,4506971696791824
2100769,4788377685594384
16780833,4788377954025744
33558049,4506902977380624
176161,4523335018873104
307233,19735659938064
430113,4505743101264144
434209,4523335287308544
68033,315560123433219
71873,16561680154899
75969,34153866199299
84161,34085146722567
100545,16565975122179
198849,4520161307525379
592065,297967937388819
2164929,297967937392899
4262081,4801567564759299
50593985,284846258716929
50594113,863189373878529
19398977,4240817153642769
21496129,8744416781009169
23068993,8744416781013249
50595905,284846274445569
307265,19727590097169
405569,4523322922500369
430145,4505735031423249
50597953,282784673366289
434241,4523327217467649
50602049,300376859410689
50610241,300239420457219
50626625,282788968333569
50724929,4786384300736769
51118145,845597187834129
52691009,845597187838209
54788161,5349196815204609
58982465,300239420457729
23593025,8726824594968849
68481,315559888552209
68993,4819159515922689
76161,350812946563329
592257,878509808419089
1116545,315564152062209
2165121,878509808423169
4262273,5382109435789569
16845185,878510076854529
6816129,8746615000011024
19399041,4243015641075984
21496193,8746615268442384
23069057,8746615268446464
69249,4520092420276497
76417,34153631318289
100993,16565740241169
199297,4520161072644369
330369,16561713709329
2165377,297967702511889
4262529,4801567329878289
16845441,297967970943249
33622657,16492994298129
72833,4520161072644369
76929,4537753258688769
101505,4520165367611649
330881,4520161341079809
593025,4801567329878289
2165889,4801567329882369
16845953,4801567598313729
33623169,4520092621668609
80001,34291036717329
88193,34153597763859
104577,16703145640209
202881,4520298478043409
333953,16699119108369
596097,298036388430129
1120385,16565708783889
8460417,34153597764369
108673,34295331684609
206977,4537890664087809
338049,34291305152769
1124481,34157894828289
116865,34157892731139
215169,4537753225134339
346241,34153866199299
608385,315559854997779
2181249,315559855001859
4278401,4819159482368259
16861313,315560123433219
33638529,34085146788099
231553,4520302773010689
362625,16703414075649
8489089,34157892731649
460929,4520298746478849
1247361,4520165336154369
4393089,13808835270541569
8587393,4537753225134849
1378433,16565977219329
8718465,34153866199809
17107073,298037193736449
33884289,16562217091329
1640577,297971966017809
2689153,860917622378769
4786305,5364517249745169
8980609,315559854998289
17369217,860917890810129
3213441,297971966021889
5310593,4801571593388289
17893505,297972234453249
34670721,16497257808129
6359169,5364517249749249
10553473,315559855002369
18942081,860917890814209
12650625,4819159482368769
21039233,5364517518180609
25233537,315560123433729
42010753,34085146788609
50399361,297968474325249
176257,4525525436465424
307329,21926077530384
405633,4525521409933584
430209,4507933518856464
434305,4525525704900864
23593089,8729023082402064
8413953,546526015259409
6816513,8744415992484144
19399425,4240816633549104
21496577,8744416260915504
8414465,5050125642629889
6817025,17751615247225104
21497089,17751615515656464
23069953,17751615515660544
6818049,8746615015739664
19400961,4243015656804624
21498113,8746615284171024
23070977,8746615284175104
176385,4839985760960784
307457,336386402025744
405761,4839981734428944
6820097,8744484695183664
19403009,4240885336248624
21500161,8744484963615024
9462017,546530294498049
41967873,546526266983169
434433,4839986029396224
6824193,8779669067272464
19407105,4276069708337424
21504257,8779669335703824
23077121,8779669335707904
6832385,8779600347795729
19415297,4276000988860689
21512449,8779600616227089
23085313,8779600616231169
6881537,8746614998962449
19464449,4243015640027409
21561601,8746615267393809
23134465,8746615267397889
6947073,17751683949924624
21627137,17751684218355984
23200001,17751684218360064
19661057,4240885873119504
21758209,8744485500485904
23331073,8744485500489984
52953345,4240817153708304
55050497,8744416781074704
56623361,8744416781078784
176641,4523326428938544
307713,19727070003504
406017,4523322402406704
430593,4505734511329584
23593473,8726824074875184
177153,13530525683679504
406529,13530521657147664
431105,13512933766070544
435201,13530525952114944
23593985,17734023329616144
178177,4525525452194064
309249,21926093259024
407553,4525521425662224
432129,4507933534585104
436225,4525525720629504
23595009,8729023098130704
192513,4558510784250129
323585,54911425315089
421889,4558506757718289
241665,4525525435416849
372737,21926076481809
700417,4804801388871984
1224705,4523335003144464
4370433,13812000643612944
831489,301202029936944
1355777,19735644209424
17084417,301202566807824
33861633,19727590162704
471041,4525521408885009
929793,4804797362340144
4599809,13811996617081104
17182721,4804797899211024
33959937,4523322922565904
495617,4507933517807889
954369,4787209471263024
1478657,4505743085535504
4624385,13794408726003984
8818689,4523326680597264
17207297,4787210008133904
33984513,4505735031488784
23597057,8726892777574704
450561,4558511052685569
499713,4525525703852289
1482753,4523335271579904
4628481,13812000912048384
17211393,4804802194178304
33988609,4523327217533184
23658497,8729023081353489
23724033,17734092032315664
23855105,8726893314445584
31981569,8744416244142864
57147393,8726824595034384
1081398,4503732789252864
4326422,67835542418559744
1081510,1232675606784
3622,4504712275628304
1081894,133195436304
1082406,4503732822806784
1083430,1232707064064
1085478,270600835344
1089574,17862786879744
1212454,4503870228205824
1343526,270869270784
3178534,281608138600704
9469990,17725347926784
34635814,133430448384
50593862,281552017887489
8413446,545430781891329
6816006,8743320759120144
19398918,4239721400185104
23068934,8743321027555584
176134,4522235490537744
307206,18636131602704
430086,4504643572928784
434182,4522235758973184
23592966,8725728841511184
1081402,4503732789183249
82010,4522295888446239
528922,4785147635303409
4326426,67835542418490129
82026,18704867787039
1081450,133430247699
1081514,1232675537169
1082410,4503732822737169
1083434,1232706994449
1089578,17862786810129
1097770,17725347856659
1146922,1232673440019
1212458,4503870228136209
1343530,270869201169
1605674,281608138522929
9469994,17725347857169
82122,20895285379359
82250,335355609874719
528970,281548276367859
82506,18696277852479
84042,20895301107999
86090,18764980551999
90186,53949352640799
114762,18773570486559
344138,18765517422879
606282,300171237785919
1130570,18704852058399
16859210,300171774656799
33636426,18696798011679
50593866,281552017752339
529162,862090147398129
6816010,8743320759046449
19398922,4239721400111409
21496074,8743321027477809
529930,4785147668857329
530954,282647553114609
537098,299277632930289
545290,299140193976819
594442,282647519560179
659978,4785285074256369
791050,281685715321329
1577482,281556598915569
2626058,844497961357809
4723210,5348097588724209
8917514,299140193977329
17306122,844498229789169
405514,4522227168969009
434186,4522235758903569
23592970,8725728841437489
1081458,4503733057618689
1081650,4802799951938304
1097778,4521324975227649
1146930,4504832300811009
1605682,4785207765893904
3178546,4785207765897984
9470002,4521324975228672
17858610,4785208034329344
34635826,4503733057684224
4326482,67835542686925569
50593874,4785151645123329
4326546,67836641931166464
8413458,5049030409193217
19398930,8743321027482384
4342802,67853134604534529
4391954,67836641930117889
12715026,67853134604535552
37880850,67835542686991104
1081570,1232943972609
3682,4504712543994129
1081954,133463802129
1082466,4503733091172609
1083490,1232975429889
1085538,270869201169
1089634,17863055245569
1097826,17725616292099
1146978,1232941875459
1212514,4503870496571649
9470050,17725616292609
17858658,281608943829249
34635874,133967184129
50593890,281560624464129
1081762,300299838292224
1097890,18824861581569
1605794,282707652247824
3178658,282707652251904
5275810,4786307279618304
17858722,282707920683264
34635938,1232944038144
3874,4803779438313744
1082146,299200358121744
1082658,4802799985492224
1083682,300299869749504
1085730,299337763520784
1098018,334384696656129
1212706,4802937390891264
1343778,299338031956224
1605922,862150277988624
3178786,862150277992704
5275938,5365749905359104
17858850,862150546424064
6816034,8743329365758224
19398946,4239730006823184
21496098,8743329634189584
23068962,8743329634193664
11810,4522373181079824
20002,4522304461603089
36386,4504798174904592
265762,4504781263470864
1052194,4504729456476432
2100770,4786187252273424
16780834,4786187520704784
33558050,4504712544059664
1082914,4503732889846032
1083938,1232774103312
1098274,17725381411089
1147426,1232706994449
3179042,281608172081424
5276194,4785207799447824
17859106,281608440512784
34636322,133463867664
1084450,4504832401473792
1098786,4521325008781569
1147938,4504832334364929
1606690,4785207799447824
3179554,4785207799451904
17859618,4785208067883264
34636834,4503733091238144
1099810,18824893038849
1607714,282707683705104
3180578,282707683709184
5277730,4786307311075584
17860642,282707952140544
34637858,1232975495424
176162,4522252687114512
307234,18653328179472
1093666,18137664717072
405538,4522235775680784
1101858,17862786810129
1151010,1370112393489
430114,4504660769505552
1216546,4504145106043152
1347618,545747108112
3182626,281745577480464
5279778,4785345204846864
17862690,281745845911824
34639906,270869266704
1155106,18962298437889
434210,4522252955549952
1220642,4521737292087552
1351714,18137933152512
1613858,299337763520784
3186722,299337763524864
5283874,4802937390891264
17866786,299338031956224
34644002,17863055311104
1163298,18824859484419
1228834,4521462414180609
1359906,17863055245569
1277986,4504969739763969
1409058,1370380828929
9535522,18824859484929
1474594,4504145374478592
1736738,4785345204846864
3309602,4785345204850944
17989666,4785345473282304
34766882,4503870496637184
1867810,281745845911824
3440674,281745845915904
5537826,4785345473282304
3702818,844558091948304
5799970,5348157719314704
9994274,299200324567824
18382882,844558360379664
7372834,5348157719318784
11567138,299200324571904
19955746,844558360383744
13664290,4802799951938304
22052898,5348157987750144
26247202,299200593003264
43024418,17725616358144
51413026,281608943894784
23592994,8725737448149264
50594114,862094157218049
19398978,4239721936982289
21496130,8743321564348689
23068994,8743321564352769
176194,4522235758903569
405570,4522227705839889
50597954,281689456705809
50602050,299281642750209
50610242,299144203796739
50659394,282651529380099
50724930,4785289084076289
51118146,844501971173649
51642434,281560608735489
52691010,844501971177729
54788162,5348101598544129
58982466,299144203797249
23593026,8725729378308369
8413570,546530294498049
176258,4523335003144464
307330,19735644209424
430210,4505743085535504
434306,4523335271579904
8413954,545430798598929
6816514,8743320775823664
19399426,4239721416888624
21496578,8743321044255024
8414466,5049030425969409
6817026,17750520030564624
21497090,17750520298995984
23069954,17750520299000064
8415490,546530310226689
405762,4838886517768464
430338,4803710735614224
6820098,8743389478523184
19403010,4239790119588144
21500162,8743389746954544
41967874,545431050322689
6824194,8778573850611984
19407106,4274974491676944
21504258,8778574119043344
23077122,8778574119047424
6832386,8778505131135249
19415298,4274905772200209
21512450,8778505399566609
23085314,8778505399570689
6848770,8743398068457744
19431682,4239798709522704
21528834,8743398336889104
23101698,8743398336893184
6947074,17750588733264144
21627138,17750589001695504
23200002,17750589001699584
19661058,4239790656459024
21758210,8743390283825424
23331074,8743390283829504
7864578,8743329350029584
20447490,4239729991094544
22544642,8743329618460944
52953346,4239721937047824
55050498,8743321564414224
24117506,8743329618465024
56623362,8743321564418304
406018,4522227185746224
434690,4522235775680784
23593474,8725728858214704
308226,4522235775680784
406530,13529426440487184
23593986,17732928112955664
178178,4523335018873104
309250,19735659938064
432130,4505743101264144
436226,4523335287308544
421890,4557411541057809
241666,4523335002095889
372738,19735643160849
1224706,4522252671385872
2273282,4803710467182864
16953346,4803710735614224
33730562,4522235758969104
1355778,18653312450832
2404354,300111108247824
4501506,4803710735614224
929794,4803702145679664
1454082,4522235759952144
4599810,13810901400420624
17182722,4803702682550544
33959938,4522227705905424
446466,4522235758903569
495618,4505743084486929
1478658,4504660753776912
2527234,4786118549573904
23597058,8725797560914224
499714,4523335270531329
958466,4803710735614224
1482754,4522252939821312
2531330,4803710735618304
23625730,8725806150848784
23724034,17732996815655184
23855106,8725798097785104
24641538,8725737432420624
31981570,8743321027482384
57147394,8725729378373904
3628,4504703685693489
528940,281548041556209
82124,20890990481439
82252,335351314976799
528972,281543981469939
82508,18691982954559
84044,20891006210079
86092,18760685654079
90188,53945057742879
344140,18761222524959
606284,300166942887999
2179148,300166942896159
8470604,53876338266399
16859212,300167479758879
529164,862085852500209
8413452,545426486923539
21496076,8743316732579889
23068940,8743316732588049
529932,4785143373959409
530956,282643258216689
537100,299273338032369
545292,299135899078899
561676,281685446955249
594444,282643224662259
659980,4785280779358449
791052,281681420423409
4723212,5348093293826289
17306124,844493934891249
34083340,281543981601009
176140,4522226900602929
307212,18627541667889
405516,4522222874071089
430092,4504634982993969
3636,13511902940434704
4326452,67835542452113664
50593876,4785147350290689
4326676,68416080263057664
8413460,5049026114294529
19398932,8743316732588304
21496084,17750515987321104
4326932,67835538157146384
4328468,67836637668774144
4330516,67835675562545424
4334612,67853267748589824
4359188,67835679857512704
4588564,67835675830980864
4850708,68398488077013264
12715028,67853130309636864
21103636,68398488345448704
37880852,67835538392158464
176148,13529426155344144
405524,13529422128812304
430100,13511834237735184
434196,13529426423779584
50593892,281552034664449
3748,4506902709997584
6816036,8743320775897104
19398948,4239721416962064
23068964,8743321044332544
7716,4504772405170224
36388,4504780995104784
69156,4506902708949009
134692,13511971659911184
527908,4786178662404144
1052196,4504712276676624
2100772,4786178662412304
4197924,13793377917145104
33558052,4504703954259984
176164,4522235507314704
307236,18636148379664
430116,4504643589705744
434212,4522235775750144
23592996,8725728858288144
50593988,282647235596289
8413508,545426755358979
6816068,8743316732588049
21496132,8743317269450769
50594372,281547739697169
50594884,4785147367067649
50595908,282647251324929
307268,18628078538769
405572,4522223410941969
430148,4504635519864849
434244,4522227705909249
51642436,281552018935809
58982468,299139908964609
6816132,8744415976828944
19399044,4240816617893904
23069060,8744416245264384
23593092,8726824059219984
21496580,8743316749357104
23069444,8743316749365264
19399940,8743316749365264
21497092,17750516004098064
6818052,8744415992557584
19400964,4240816633622544
23070980,8744416260993024
8417540,545563925877009
176388,4838886249402384
307460,335286890467344
405764,4838882222870544
21500164,8743385452056624
23073028,8743385452064784
8446212,545568220844289
8478980,546525998551299
8544516,5049163553247489
8675588,545564194312449
8937732,1108376440344849
12607748,5611976067715329
25190660,1108376708780289
41967876,545426755490049
434436,4838886517837824
21504260,8778569824145424
21512452,8778501104668689
6848772,8743389478596624
19431684,4239790119661584
23101700,8743389747032064
6881540,8744415975780369
19464452,4240816616845329
23134468,8744416244215809
19529988,8743385452064784
21627140,17750584706797584
7078148,8743385452064784
21758212,8743385988927504
7864580,8743320760168464
20447492,4239721401233424
29884676,8778501104668944
24117508,8743321028603904
176644,4522226917380144
307716,18627558445104
406020,4522222890848304
430596,4504634999771184
177156,13529426172121104
406532,13529422145589264
431108,13511834254512144
435204,13529426440556544
23595012,8726824074948624
192516,4557411272691729
323588,53811913756689
421892,4557407246159889
700420,4803701877313584
1224708,4522235491586064
2273284,4803701877321744
4370436,13810901132054544
8564740,4557411272691984
33730564,4522227169169424
831492,300102518378544
1355780,18636132651024
2404356,300102518386704
8695812,53811913756944
17084420,300103055249424
929796,4803697850781744
2502660,4803697850789904
4599812,13810897105522704
8794116,4557407246160144
17182724,4803698387652624
954372,4786109959704624
1478660,4504643573977104
2527236,4786109959712784
4624388,13793309214445584
17207300,4786110496575504
450564,4557411541127169
1482756,4522235760021504
2531332,4803702145757184
4628484,13810901400489984
8822788,4557411541127424
17211396,4803702682619904
23601156,8743385452064784
23609348,8743316732588049
23625732,8725797560987664
23658500,8726824058171409
24641540,8725728842559504
31981572,8743316732588304
528952,4785147668857329
4326456,67835542452044049
82136,4524490617782559
82264,4838950942277919
528984,4785143608771059
82520,4522291610255679
83032,13529490864996639
4326488,67835538391957779
84056,4524490633511199
86104,4522360312955199
90200,4557544685043999
213080,13529559567696159
344152,4522360849826079
606296,4803766570189119
4276312,13810965824930079
16859224,4803767107059999
33636440,4522292130414879
50593880,4785147350155539
529176,5365685479801329
4326680,68416080262988049
19398936,8743316732514609
23068952,17750515987255569
530968,4786242885517809
537112,4802872965333489
545304,4802735526380019
561688,4785285074256369
594456,4786242851963379
791064,4785281047724529
2626072,5348093293761009
8917528,4802735526380529
17306136,5348093562192369
4328472,67836637668704529
4334616,67853267748520209
4342808,67853130309566739
4359192,67835679857443089
4391960,67836637635150099
4588568,67835675830911249
6423576,68398488076947729
12715032,67853130309567249
21103640,68398488345379089
307224,4522227168969009
434200,13529426423709969
82152,20895302156319
82280,335355626651679
83048,4522295938777119
86120,18764997328959
90216,53949369417759
114792,18773587263519
344168,18765534199839
606312,300171254562879
1130600,18704868835359
8470632,53880649941279
16859240,300171791433759
33636456,18696814788639
50593896,281552034529299
529064,282647554162929
3880,4803770848378929
8413480,545430798598419
6816040,8743320775823409
19398952,4239721416888369
21496104,8743321044254769
7720,4504772405100657
11816,4522364591145009
265768,4504772673536049
527912,4786178662334577
2100776,4786178662338609
8392232,4522295871668529
16780840,4786178930769969
33558056,4504703954124849
529960,4785147735965937
530984,282647620223217
8917544,299140227531249
34083368,281548309987569
405544,4522227185745969
434216,4522235775680529
23593000,8725728858214449
529096,282643494076659
83144,4524490634559519
84168,25289053700127
114888,20964004855839
213192,4524559337259039
2179272,302365967126559
4276424,4805965594492959
50593992,282647235461139
83272,4838950959054879
90440,405788778561567
8413512,545426755289367
115016,335424329351199
213320,4839019661754399
1130824,335355610923039
8470856,405720059085087
86600,18760702361727
545352,299136167444727
594504,282643493028087
1577544,281548277416179
8917576,299136167444979
115272,18764997328959
213576,4522360329732159
606792,300166959595647
1131080,18696278900799
2179656,300166959599679
4276808,4803766586966079
87112,4522360329732159
91208,4557544701820959
214088,13529559584473119
345160,4522360866603039
607304,4803766586966079
4277320,13810965841707039
8471624,4557475982344479
16860232,4803767123836959
33637448,4522292147191839
50594888,4785147366932499
116808,20964020584479
215112,4524559352987679
1132616,20895302156319
2181192,302365982855199
4278344,4805965610221599
50595912,282647251189779
610376,300235662295167
1134664,18764981600319
2183240,300235662299199
4280392,4803835289665599
1138760,53949353689119
2187336,335420034387999
4284488,4839019661754399
8478792,124313801851167
245832,4522502046875679
639048,300239957262399
1163336,18773571534879
8503368,53949352640799
16891976,300240494133279
33669192,18765517488159
737352,4803835289665599
4407368,13811034544406559
8601672,4557544685043999
16990280,4803835826536479
33767496,4522360849891359
1392712,18765518471199
2441288,300236199170079
4538440,4803835826536479
17121352,300237272907807
33898568,18762296262687
1654856,300171238834239
9519176,53880634212639
17907784,300171775705119
34685000,18696799059999
6373448,5366716523614239
10567752,335351314911519
35733576,300167479758879
12664904,4838950942277919
37830728,4803767107125279
50413640,300168553496607
50610248,299139908829207
50659400,282647234412567
51642440,281552018800659
58982472,299139908829459
529288,863185365106929
8413576,546525999530259
6816136,8744415976755249
19399048,4240816617820209
21496200,8744416245186609
530056,4786242886566129
537224,300372850639089
545416,300235411685619
561800,282784959561969
660104,4786380291965169
791176,282780933030129
1577608,282647522705649
2626184,845593179066609
4723336,5349192806433009
17306248,845593447497969
176264,4523326413209649
307336,19727054274609
405640,4523322386677809
430216,4505734495600689
23593096,8726824059146289
1577736,862090148446449
2626312,1987985759277297
4723464,6491585386643697
17306376,1987986027708657
34083592,862086120931569
6816520,8743316480856177
19399432,4239717121921137
21496584,8743316749287537
23069448,8743316749291569
8414472,5049026131001619
19399944,8743316749291569
23069960,17750516004032529
8415496,546526015258899
6818056,8744415992483889
19400968,4240816633548849
21498120,8744416260915249
430344,4803702145679409
6820104,8743385183555697
19403016,4239785824620657
21500168,8743385451987057
23073032,8743385451991089
8478984,546525998481687
9462024,545430782869779
41967880,545426755354899
434440,4838886517768209
23077128,8778569824079889
6848776,8743389478522929
19431688,4239790119587889
21528840,8743389746954289
23134472,8744416244142099
19529992,8743385451991089
23200008,17750584706732049
7078152,8743385451991089
23331080,8743385988861969
7864584,8743320760094769
20447496,4239721401159729
22544648,8743321028526129
40370440,8743316732579889
31457544,8778501104603409
56623368,8743317269450769
531976,4786242952626417
1578504,4785147669905649
8918536,4802735559934449
34084360,4785143642390769
1579528,282647554162929
8919560,300235444191729
34085384,282643526648049
176648,4522226917310577
307720,18627558375537
569864,299552510836977
406024,4522222890778737
668168,4803147843240177
799240,299548484305137
1585672,299277633978609
34091528,299273606463729
610824,300235410637047
1593864,299140195025139
34099720,299136167510259
430600,4504634999701617
692744,4785559952163057
823816,281960593228017
8950280,299277632930289
34116104,281685715386609
1643016,282647520608499
8983048,300235410637299
34148872,282643493093619
922120,4785555925631217
1708552,4785285075304689
9048584,4802872965333489
34214408,4785281047789809
1839624,281685716369649
9179656,299273606398449
3674632,844497962406129
5771784,5348097589772529
18354696,844498230837489
6820360,6473993200603377
11014664,862085852434929
19403272,1970393841668337
36180488,844493934891249
13111816,5365685479801329
21500424,6473993469034737
38277640,5348093562257649
25694728,862086120866289
434696,4522227185745969
23593480,8725724563247217
308232,4522227185745969
435208,13529426440486929
178184,4523326428938289
309256,19727070003249
407560,4523322402406449
432136,4505734511329329
23595016,8726824074874929
700424,4803701877244017
2273288,4803701877248049
16953352,4803702145679409
33730568,4522227169034289
831496,300102518308977
2404360,300102518313009
4501512,4803702145679409
929800,4803697850712177
1454088,4522227170017329
2502664,4803697850716209
954376,4786109959635057
2527240,4786109959639089
8818696,4522227168969009
23597064,8725793265946737
499720,4523326680596499
958472,4803702145679409
1482760,4522235759951889
4628488,13810901400420369
8822792,4557411541057809
17211400,4803702682550289
33988616,4522227705905169
23601160,8743385451991089
23625736,8725797560913969
24641544,8725728842485809
31981576,8743316732514609
3696,13511903208800529
4326512,67835542720479489
4326576,67836641964720384
3888,13810970103120144
8413488,5049030425969409
6816048,17750520030564624
21496112,17750520298995984
23068976,17750520299000064
11824,13529563845886224
20016,13529495126409489
134704,31526370169323792
265776,13511971928277264
2100784,13793377917079824
4197936,31807776426557712
16780848,13793378185511184
33558064,13511903208866064
4326960,67835542519152912
4328496,67836642030780672
4342832,67853134638088449
4391984,67836641963671809
37880880,67835542720545024
307248,4522235775680784
405552,13529426440487184
23593008,17732928112955664
4326736,68416080531423489
50594128,5365689489621249
6816080,17750515987255569
19398992,8743317269385489
4326992,67835538425512209
4328528,67836637937139969
4330576,67835675830911249
4334672,67853268016955649
4342864,67853130578002179
4359248,67835680125878529
4392016,67836637903585539
4850768,68398488345379089
6423632,68398488345383169
12715088,67853130578002689
37880912,67835538928894209
50594896,13792346621673729
176208,13529426423709969
307280,4522227705839889
50597968,4785284789109009
50602064,4802876975153409
50610256,4802739536199939
50626640,4785289084076289
50659408,4786246861783299
51118160,5348097303576849
52691024,5348097303580929
58982480,4802739536200449
4326800,68417179775664384
8413584,5050125626901249
6816144,17751615231496464
21496208,17751615499927824
23069072,17751615499931904
4327056,67836637669753104
4330640,67836775075152144
4334736,67854367261196544
4359312,67836779370119424
4392080,67838836659454209
4588688,67836775343587584
4850832,68399587589619984
5375120,67836641933263104
6423696,68399587589624064
12715152,67854229822243584
21103760,68399587858055424
176272,13530525667950864
405648,13530521641419024
430224,13512933750341904
434320,13530525936386304
23593104,17734023313887504
8413968,5049026131002129
19399440,8743316749291824
23069456,17750516004032784
4392208,68417179774615809
4850960,69541980169830672
5375248,68416084559003904
6423824,69541980169834752
21103888,69541980438266112
37881104,68416080531489024
6817040,35764914245079312
19399952,17750516004032784
21497104,35764914513510672
23069968,35764914513514752
8415504,5050125642629889
6818064,17751615247225104
21498128,17751615515656464
23070992,17751615515660544
307472,4838886517768464
430352,13810901400420624
19403024,8743385451991344
23073040,17750584706732304
9462032,5049030410240769
41967888,5049026382725889
19407120,8778569824080144
19415312,8778501104603409
6848784,17750588733264144
21528848,17750589001695504
23101712,17750589001699584
6881552,17751615230447889
21561616,17751615498879249
23134480,17751615498883329
6947088,35764982947778832
19530000,17750584706732304
21627152,35764983216210192
23200016,35764983216214272
7078160,17750584706732304
19661072,8743385988862224
7864592,17750520014835984
22544656,17750520283267344
40370448,17750515987321104
52953360,8743317269451024
24117520,17750520283271424
4328976,67836637735813392
4343312,67853130343121169
4392464,67836637668704529
5375504,67835542453092624
37881360,67835538425577744
307728,4522227185746224
434704,13529426440487184
4344848,67854229854748929
5377040,67836641964720384
37882896,67836637937205504
177168,31543824681533712
308240,13529426440487184
406544,31543820655001872
4338704,67853542626427152
4346896,67853267748520209
431120,31526232763924752
4363280,67835954735350032
4396048,67836775074103569
4592656,67835950708818192
5379088,67835679858491664
37884944,67835675830976784
435216,31543824949969152
4367376,67853546921394432
4400144,67854367260147969
4596752,67853542894862592
5383184,67853272044536064
37889040,67853268017021184
4375568,67853272043487489
4408336,67854229821194499
4604944,67853268016955649
4867088,68416080262988049
6439952,68416080262992129
21120016,68416080531423489
4424720,67836779369070849
4621328,67835955003785472
37913616,67835680125944064
4654096,67836775342539009
4916240,68399587588571409
6489104,68399587588575489
12780560,67854229821195009
21169168,68399587857006849
5637136,67835680126927104
5899280,68398492372959504
6947856,69524387983790352
21627920,69524388252221712
38405136,68398488345444624
7472144,68398492372963584
13763600,67853134605583104
22152208,68398492641394944
23200784,69524388252225792
39978000,68398488345448704
46269456,67853130578068224
23594000,35747322327470352
178192,13530525683679504
407568,13530521657147664
432144,13512933766070544
436240,13530525952114944
23595024,17734023329616144
323600,4557411541057809
241680,13530525666902289
2273296,13810901131989264
4370448,31825299641467152
16953360,13810901400420624
33730576,13529426423775504
831504,4803702145679664
1355792,4522235759952144
4501520,13810901400420624
17084432,4803702682550544
33861648,4522227705905424
471056,13530521640370449
1454096,13529426424758544
2502672,13810897105457424
4599824,31825295614935312
446480,13529426423709969
495632,13512933749293329
2527248,13793309214380304
4624400,31807707723858192
499728,13530525935337729
958480,13810901400420624
2531344,13810901400424704
4628496,31825299909902592
23601168,17750584706732304
23609360,17750515987255569
23625744,17732996815655184
23658512,17734023312838929
23724048,35747391030169872
24641552,17732928097227024
3808,4506902978363409
8413536,545431067033859
50594144,862094173995009
19399008,4239721953759249
21496160,8743321581125649
23069024,8743321581129729
7776,4504772673536049
20064,4522296140103699
36448,4504781263470609
134752,13511971928277009
265824,4504773210406929
527968,4786178930769969
1052256,4504712545042449
4197984,13793378185510929
16780896,4786179467640849
33558112,4504704490995729
50594400,281552068083729
50594912,4785151695454209
50595936,282651579711489
176224,4522235775680529
405600,4522227722616849
50597984,281689473482769
50602080,299281659527169
50610272,299144220573699
50659424,282651546157059
50724960,4785289100853249
51118176,844501987950609
51642464,281560625512449
52691040,844501987954689
54788192,5348101615321089
23593056,8725729395085329
4000,4805969872683024
11936,4524563615449104
20128,4524494895972369
69280,4511300756439057
265888,4506971697840144
2100896,4788377686642704
8392352,4524494895972624
16780960,4788377955074064
33558176,4506902978428944
176288,4523335019921424
307360,19735660986384
430240,4505743102312464
434336,4523335288356864
7968,4803839567855664
12064,4839023939944464
20256,4838955220467729
36640,4803848157790224
69408,4805969871634449
134944,13811038822596624
1052448,4803779439362064
2101024,5366720801804304
8392480,4838955220467984
16781088,5366721070235664
8413984,545430832152849
23069472,8743321077813264
8414496,5049030459523329
19399968,8743321077813264
8415520,546530343780609
6818080,8744420321005584
19400992,4240820962070544
21498144,8744420589436944
23071008,8744420589441024
8417568,545568237551889
405792,4838886534545424
430368,4803710752391184
6820128,8743389495300144
19403040,4239790136365104
21500192,8743389763731504
8479008,546530310226179
8544544,5049167864922369
8675616,545568505987329
8937760,1108380752019729
9462048,545439389581569
10510624,1108380752023809
12607776,5611980379390209
25190688,1108381020455169
6824224,8778573867388944
19407136,4274974508453904
21504288,8778574135820304
23077152,8778574135824384
6832416,8778505147912209
19415328,4274905788977169
21512480,8778505416343569
23085344,8778505416347649
6848800,8743398085234704
19431712,4239798726299664
21528864,8743398353666064
23101728,8743398353670144
6947104,17750588750041104
21627168,17750589018472464
23200032,17750589018476544
19661088,4239790673235984
21758240,8743390300602384
23331104,8743390300606464
7864608,8743329366806544
20447520,4239730007871504
22544672,8743329635237904
15204640,8778505147912464
27787552,4274905788977424
52953376,4239721953824784
29884704,8778505416343824
55050528,8743321581191184
24117536,8743329635241984
31457568,8778505416347904
56623392,8743321581195264
24096,4522364591145009
532000,4786247381811312
2104864,4786247381815344
8396320,4522364591145264
16784928,4786247650246704
33562144,4504772673601584
28192,4557548963233809
77344,4524563614400529
273952,4522502298533904
536096,4803839567855664
1060384,4522373182128144
4206112,13811038822596624
8400416,4557548963234064
52768,4522373181079569
151072,13529563845885969
544288,4803770848378929
1068576,4522304462651409
4214304,13810970103119889
8408608,4557480243757329
1084960,4504798175952912
2133536,4786255971749904
8424992,4522373181079824
16813600,4786256240181264
33590816,4504781263536144
331296,4506971696791569
2166304,4788377685594129
8457760,4524494894924049
16846368,4788377954025489
33623584,4506902977380369
2231840,13793446636556304
4328992,31807845146034192
8523296,13529563845886224
16911904,13793446904987664
33689120,13511971928342544
790048,4786247650246704
1314336,4504781264519184
4460064,13793446904987664
17042976,4786248187117584
33820192,4504773210472464
8916512,4803770848379184
34082336,4786178930835504
3149344,4786187253321744
9440800,4522304462651664
17829408,4786187521753104
34606624,4504712545107984
18877984,5349128884195344
12586528,13810970103120144
37752352,13793378185576464
50335264,4786179467706384
407584,4523326730928144
23595040,8726828403396624
421920,4557411557834769
241696,4523335018872849
372768,19735659937809
1224736,4522252688162832
2273312,4803710483959824
16953376,4803710752391184
33730592,4522235775746064
1355808,18653329227792
2404384,300111125024784
4501536,4803710752391184
929824,4803702162456624
1454112,4522235776729104
4599840,13810901417197584
8794144,4557411557835024
17182752,4803702699327504
33959968,4522227722682384
446496,4522235775680529
495648,4505743101263889
1478688,4504660770553872
2527264,4786118566350864
8818720,4522235775680784
23597088,8725797577691184
499744,4523335287308289
958496,4803710752391184
1482784,4522252956598272
2531360,4803710752395264
23625760,8725806167625744
23724064,17732996832432144
23855136,8725798114562064
24641568,8725737449197584
57147424,8725729395150864
8413632,546526267965699
50594240,863189374926849
19399104,4240817154691089
21496256,8744416782057489
23069120,8744416782061569
50596032,284846275493889
307392,19727591145489
405696,4523322923548689
430272,4505735032471569
50598080,282784674414609
434368,4523327218515969
50602176,300376860459009
50610368,300239421505539
50626752,282788969381889
50725056,4786384301785089
51118272,845597188882449
51642560,282651532525569
52691136,845597188886529
54788288,5349196816252929
23593152,8726824596017169
8414016,545426772066579
50594624,862089879027729
6816576,8743316749291569
23069504,8743317286162449
8414528,5049026399437059
50595136,5365689506398209
6817088,17750516004032529
19400000,8743317286162449
8415552,546526283694339
50596160,863189390655489
19401024,4240817170419729
21498176,8744416797786129
23071040,8744416797790209
176448,4838886517768209
430400,4803702682550289
6820160,8743385451991089
23073088,8743385988861969
8479040,546526266917127
9462080,545431051305219
6824256,8778569824079889
19431744,4239790656458769
21528896,8743390283825169
23101760,8743390283829249
6881600,8744416244142099
6947136,17750584706732049
19530048,8743385988861969
7078208,8743385988861969
19661120,4239787435233297
21758272,8743387062599697
51118400,1987989769093137
51642688,862094158266369
23331136,8743387062603777
52691264,1987989769097217
54788416,6491589396463617
20447552,4239721938030609
22544704,8743321565397009
15204672,8778501104603409
40370496,8743317269450769
52953408,4239718715822097
55050560,8743318343188497
24117568,8743321565401089
56623424,8743318343192577
50595392,4785147400486929
50596416,282647284744209
176704,4522227185745969
434752,4522227722616849
50602560,299277364559889
50610752,299139925606419
50627136,281689473482769
50659904,282647251189779
50725440,4785284805885969
52691520,844497692987409
54788672,5348097320353809
50596928,4786246912114689
177216,13529426440486929
308288,4522227722616849
50598976,4785284805885969
50603072,4802876991930369
50611264,4802739552976899
50627648,4785289100853249
50660416,4786246878560259
51119168,5348097320353809
52692032,5348097320357889
309312,19727606874129
407616,4523322939277329
432192,4505735048200209
50600000,282784690143249
436288,4523327234244609
50604096,300376876187649
50612288,300239437234179
50628672,282788985110529
50726976,4786384317513729
51120192,845597204611089
52693056,845597204615169
54790208,5349196831981569
23595072,8726824611745809
241728,4523326680596499
700480,4803702145679409
1224768,4522235759951889
4370496,13810901400420369
8564800,4557411541057809
16953408,4803702682550289
33730624,4522227705905169
2404416,300103055183889
4501568,4803702682550289
17084480,300104128921617
33861696,18629152276497
1454144,4522227706888209
2502720,4803698387587089
17182784,4803699461324817
33960000,4522224484679697
50606144,299552225689617
2527296,4786110496509969
8818752,4522227705839889
17207360,4786111570247697
33984576,4504636593602577
50630720,281964334612497
50729024,4785559667015697
51646528,281689457754129
58986560,299277347782929
958528,4803702682550289
2531392,4803702682554369
17211456,4803703756292097
33988672,4522228779646977
50634816,299556520656897
50733120,4803151853060097
51650624,299281643798529
23601216,8743385988861969
50675776,300239420456967
51658816,299144204845059
50757696,4785563961982977
59015232,299281642750209
23625792,8725798097784849
51707968,282651530428419
59048000,300239420457219
51773504,4785289085124609
59113536,4802876975153409
52166720,844501972221969
23855168,8725794876559377
53215296,1970397583052817
55312448,6473997210419217
59506752,862089862250769
53739584,844501972226049
55836736,5348101599592449
56885312,6473997210423297
61079616,862089862254849
63176768,5365689489621249
24641600,8725729379356689
31981632,8743317269385489
57147456,8725726157148177
6816640,8744415993532464
19399552,4240816634597424
21496704,8744416261963824
6817152,17751615248273424
21497216,17751615516704784
23070080,17751615516708864
8415616,548725039563009
6818176,8746615016787984
19401088,4243015657852944
21498240,8746615285219344
23071104,8746615285223424
8417664,546663438483729
176512,4839985762009104
307584,336386403074064
405888,4839981735477264
6820224,8744484696231984
19403136,4240885337296944
21500288,8744484964663344
8446336,546667733451009
8544640,5050263065854209
8675712,546663706919169
8937856,1109475952951569
9462144,546530296594689
10510720,1109475952955649
12607872,5613075580322049
25190784,1109476221387009
434560,4839986030444544
6824320,8779669068320784
19407232,4276069709385744
21504384,8779669336752144
23077248,8779669336756224
6832512,8779600348844049
19415424,4276000989909009
21512576,8779600617275409
23085440,8779600617279489
6881664,8746615000010769
19464576,4243015641075729
21561728,8746615268442129
23134592,8746615268446209
6947200,17751683950972944
21627264,17751684219404304
23200128,17751684219408384
19661184,4240885874167824
21758336,8744485501534224
23331200,8744485501538304
7864704,8744420273819664
20447616,4240820914884624
22544768,8744420542251024
15204736,8779600348844304
27787648,4276000989909264
52953472,4240817154756624
29884800,8779600617275664
55050624,8744416782123024
24117632,8744420542255104
31457664,8779600617279744
56623488,8744416782127104
176768,4523326429986864
307840,19727071051824
406144,4523322403455024
430720,4505734512377904
23593600,8726824075923504
177280,13530525684727824
406656,13530521658195984
431232,13512933767118864
435328,13530525953163264
23594112,17734023330664464
178304,4525525453242384
309376,21926094307344
407680,4525521426710544
432256,4507933535633424
436352,4525525721677824
23595136,8729023099179024
192640,4558510785298449
323712,54911426363409
422016,4558506758766609
241792,4525525436465169
372864,21926077530129
700544,4804801389920304
4370560,13812000644661264
8564864,4558510785298704
831616,301202030985264
8695936,54911426363664
17084544,301202567856144
33861760,19727591211024
471168,4525521409933329
929920,4804797363388464
1454208,4523326683742224
4599936,13811996618129424
8794240,4558506758766864
17182848,4804797900259344
33960064,4523322923614224
495744,4507933518856209
954496,4787209472311344
4624512,13794408727052304
17207424,4787210009182224
33984640,4505735032537104
23597184,8726892778623024
450688,4558511053733889
499840,4525525704900609
4628608,13812000913096704
8822912,4558511053734144
17211520,4804802195226624
33988736,4523327218581504
23658624,8729023082401809
23724160,17734092033363984
23855232,8726893315493904
24641664,8726828356210704
57147520,8726824596082704
8414976,5049026164556049
8416000,546526048813329
23071488,8744416294473744
430848,4803702162456624
6820608,8743385200332912
19403520,4239785841397872
21500672,8743385468764272
23073536,8743385468768304
8446720,545568237551889
8479488,546526015258899
8545024,5049163569955089
8676096,545564211020049
10511104,1108376457056529
12608256,5611976084422929
25191168,1108376725487889
434944,4838886534545424
23077632,8778569840857104
23085824,8778501121380369
6849280,8743389495300144
19432192,4239790136365104
21529344,8743389763731504
6882048,8744415992483889
19464960,4240816633548849
21562112,8744416260915249
19530496,8743385468768304
23200512,17750584723509264
7078656,8743385468768304
23331584,8743386005639184
7865088,8743320776871984
20448000,4239721417936944
22545152,8743321045303344
40370944,8743316749357104
31458048,8778501121380624
56623872,8743317286227984
8416512,5050125676183809
19401984,8744416294473744
8418560,5049163569955089
308480,4838886534545424
431360,13810901417197584
19404032,8743385468768304
23074048,17750584723509264
8447232,5049167864922369
8480000,5050125642629379
8676608,5049163838390529
8938752,5611976084422929
10511616,5611976084427009
25191680,5611976352858369
19408128,8778569840857104
19416320,8778501121380369
6849792,17750588750041104
21529856,17750589018472464
23102720,17750589018476544
6882560,17751615247224849
21562624,17751615515656209
23135488,17751615515660289
6948096,35764982964555792
19531008,17750584723509264
21628160,35764983232987152
23201024,35764983232991232
7079168,17750584723509264
19662080,8743386005639184
7865600,17750520031612944
22545664,17750520300044304
40371456,17750516004098064
27788544,8778501121380624
52954368,8743317286227984
24118528,17750520300048384
8419584,546663454212369
178432,4839985777737744
309504,336386418802704
407808,4839981751205904
6822144,8744484711960624
19405056,4240885353025584
21502208,8744484980391984
8448256,546667749179649
8546560,5050263081582849
8677632,546663722647809
8939776,1109475968680209
10512640,1109475968684289
12609792,5613075596050689
25192704,1109476237115649
436480,4839986046173184
6826240,8779669084049424
19409152,4276069725114384
21506304,8779669352480784
23079168,8779669352484864
6834432,8779600364572689
19417344,4276001005637649
21514496,8779600633004049
23087360,8779600633008129
6883584,8746615015739409
19466496,4243015656804369
21563648,8746615284170769
23136512,8746615284174849
6949120,17751683966701584
21629184,17751684235132944
23202048,17751684235137024
19663104,4240885889896464
21760256,8744485517262864
23333120,8744485517266944
15206656,8779600364572944
27789568,4276001005637904
52955392,4240817170485264
29886720,8779600633004304
55052544,8744416797851664
31459584,8779600633008384
56625408,8744416797855744
192768,4909254993510417
323840,405655634575377
8450304,545843098681617
422144,4909250966978577
8548608,5049438431084817
8679680,545839072149777
9466112,545568221823249
41971968,545564194308369
241920,4839985760960529
372992,336386402025489
8564992,4909254993510672
33730816,4838886517833744
8696064,405655634575632
471296,4839981734428689
1454336,4838886518816784
8794368,4909250966978832
446720,4838886517768209
23089408,8778569824079889
1478912,4803710736662544
2527488,5366652099104784
8818944,4838886517768464
33984768,4803702682615824
23105792,8743527185911824
6885632,8744484695183409
19468544,4240885336248369
21565696,8744484963614769
7868672,8743389479571504
20451584,4239790120636464
22548736,8743389748002864
40374528,8743385452056624
31461632,8778569824080144
56627456,8743385988927504
450816,4909255261945857
8577280,5049442726052097
8708352,545843367117057
42000640,545568489275649
9527552,546530294497539
42033408,546526266982659
8806656,5049438699520257
9593088,5049167849193729
42098944,5049163821678849
9724160,545568490258689
9986304,1108380736291089
6840576,8848938299822097
11034880,2234276347121937
19423488,4345338940887057
13132032,6737875974488337
21520640,8848938568253457
25714944,2234276615553297
42492160,1108376708776209
11559168,1108380736295169
13656320,5611980363661569
26239232,1108381004726529
14704896,6737875974492417
23093504,8848938568257537
27287808,2234276615557377
44065024,1108376708780289
29384960,6737876242923777
46162176,5611976336146689
499968,4839986029395969
8823040,4909255261946112
6889728,8779669067272209
19472640,4276069708337169
21569792,8779669335703569
23142656,8779669335707649
7872768,8778573851660304
20455680,4274974492725264
22552832,8778574120091664
15212800,8848938299822352
40378624,8778569824145424
27795712,4345338940887312
29892864,8848938568253712
24125696,8778574120095744
31465728,8848938568257792
6865152,8778573850611729
19448064,4274974491676689
21545216,8778574119043089
23118080,8778574119047169
19546368,8778569824079889
7094528,8778569824079889
7880960,8778505132183569
20463872,4274905773248529
22561024,8778505400614929
15220992,8848869580345617
40386816,8778501104668689
27803904,4345270221410577
29901056,8848869848776977
24133888,8778505400619009
31473920,8848869848781057
19562752,8743527185911824
7110912,8743527185911824
7897344,8743398069506064
20480256,4239798710571024
22577408,8743398337937424
15237376,8778573850611984
27820288,4274974491676944
52986112,4239790656524304
29917440,8778574119043344
55083264,8743390283890704
24150272,8743398337941504
31490304,8778574119047424
56656128,8743390283894784
7012608,17751683949924369
21692672,17751684218355729
23265536,17751684218359809
19726592,4240885873119249
21823744,8744485500485649
23396608,8744485500489729
15270144,8779600347795729
27853056,4276000988860689
53018880,4240817153708049
29950208,8779600616227089
55116032,8744416781074449
31523072,8779600616231169
56688896,8744416781078529
7995648,17750588734312464
22675712,17750589002743824
40501504,17750584706797584
27918592,8778569824080144
53084416,8743385988927504
24248576,17750589002747904
20709632,4239790657507344
22806784,8743390284873744
15466752,8778569824080144
40632576,8743385988927504
53215488,4239787435298832
55312640,8743387062665232
24379648,8743390284877824
56885504,8743387062669312
16253184,8778505132183824
28836096,4274905773248784
54001920,4239721938096144
30933248,8778505400615184
56099072,8743321565462544
48759040,8778501104668944
32506112,8778505400619264
57671936,8743321565466624
436736,4523326730928144
242176,4523326428938289
373248,19727070003249
700928,4803701894021232
2273792,4803701894025264
16953856,4803702162456624
33731072,4522227185811504
832000,300102535086192
2404864,300102535090224
4502016,4803702162456624
471552,4523322402406449
930304,4803697867489392
1454592,4522227186794544
2503168,4803697867493424
446976,4522227185745969
496128,4505734511329329
954880,4786109976412272
2527744,4786109976416304
8819200,4522227185746224
23597568,8725793282723952
451072,4557411557834769
958976,4803702162456624
1483264,4522235776729104
4628992,13810901417197584
8823296,4557411557835024
17211904,4803702699327504
33989120,4522227722682384
23601664,8743385468768304
23609856,8743316749291569
23626240,8725797577691184
23659008,8726824074874929
24642048,8725728859263024
31982080,8743316749291824
310272,4523326730928144
324608,4557411557834769
242688,13530525683679249
2274304,13810901148766224
4371456,31825299658244112
16954368,13810901417197584
33731584,13529426440552464
832512,4803702162456624
1356800,4522235776729104
4502528,13810901417197584
8696832,4557411557835024
17085440,4803702699327504
33862656,4522227722682384
472064,13530521657147409
1455104,13529426441535504
2503680,13810897122234384
4600832,31825295631712272
447488,13529426440486929
496640,13512933766070289
2528256,13793309231157264
4625408,31807707740635152
8819712,13529426440487184
500736,13530525952114689
959488,13810901417197584
2532352,13810901417201664
4629504,31825299926679552
23602176,17750584723509264
23610368,17750516004032529
23626752,17732996832432144
23659520,17734023329615889
23725056,35747391046946832
24642560,17732928114003984
31982592,17750516004032784
194560,4558510801027089
325632,54911442092049
423936,4558506774495249
243712,4525525452193809
374784,21926093258769
702464,4804801405648944
1226752,4523335019921424
4372480,13812000660389904
8566784,4558510801027344
833536,301202046713904
1357824,19735660986384
8697856,54911442092304
17086464,301202583584784
33863680,19727606939664
473088,4525521425661969
931840,4804797379117104
4601856,13811996633858064
8796160,4558506774495504
17184768,4804797915987984
33961984,4523322939342864
497664,4507933534584849
956416,4787209488039984
1480704,4505743102312464
4626432,13794408742780944
17209344,4787210024910864
33986560,4505735048265744
23599104,8726892794351664
452608,4558511069462529
501760,4525525720629249
1484800,4523335288356864
4630528,13812000928825344
8824832,4558511069462784
17213440,4804802210955264
33990656,4523327234310144
23660544,8729023098130449
23726080,17734092049092624
23857152,8726893331222544
57149440,8726824611811344
2289664,4838886249336849
8581120,4627780016800017
16969728,4838886517768209
33746944,4557411541123089
2420736,335286890401809
4517888,4838886517768209
8712192,124180657864977
1470464,4557411542106129
2519040,4838882222805009
8810496,4627775990268177
765952,4804801388871729
1290240,4523335003144209
4435968,13812000643612689
8630272,4558510784250129
897024,301202029936689
1421312,19735644209169
8761344,54911425315089
17149952,301202566807569
33927168,19727590162449
34254848,4803702145744944
3321856,4803710468231184
18001920,4803710736662544
34779136,4522235760017424
10661888,4838886249337104
19050496,5366652099104784
37924864,13810901400485904
25341952,4838886517768464
42119168,4557411541123344
50507776,4803702682615824
3452928,300111109296144
5550080,4803710736662544
6598656,5366652099104784
10792960,335286890402064
35958784,300103055249424
12890112,4838886517768464
38055936,4803702682615824
50638848,300104128987152
995328,4804797362339889
4665344,13811996617080849
8859648,4558506757718289
17248256,4804797899210769
34025472,4523322922565649
1978368,4803702146727984
5648384,13810901401468944
9842688,4557411542106384
18231296,4803702683598864
35008512,4522227706953744
10891264,4838882222805264
36057088,4803698387652624
50737152,4803699461390352
512000,4523326680596499
970752,4803702145679409
1495040,4522235759951889
4640768,13810901400420369
8835072,4557411541057809
17223680,4803702682550289
34000896,4522227705905169
23613440,8743385451991089
1019904,4787209471262769
1544192,4505743085535249
4689920,13794408726003729
17272832,4787210008133649
34050048,4505735031488529
9342976,4803702145679664
3575808,4786118550622224
9867264,4522235759952144
36081664,4786110496575504
13012992,13810901400420624
25595904,4803702682550544
42373120,4522227705905424
50761728,4786111570313232
23662592,8726892777574449
24645632,8725797561962544
31985664,8743385451991344
974848,4838886517768209
2547712,4838886517772289
8839168,4627780285235457
23617536,8778569824079889
1548288,4523335271579649
4694016,13812000912048129
8888320,4558511052685569
17276928,4804802194178049
34054144,4523327217532929
2007040,4803710736662544
3055616,5366652099104784
9347072,4838886517768464
34512896,4803702682615824
3579904,4803710736666624
10919936,4838886517772544
36085760,4803702682619904
50765824,4803703756357632
23633920,8743527185911824
31989760,8778569824080144
57155584,8743385988927504
23674880,8744416244142099
23740416,17750584706732049
23871488,8743385988861969
31997952,8778501104603409
57163776,8743317269450769
24674304,8725806151897104
57180160,8725798097850384
23789568,17734092032315409
23920640,8726893314445329
57212928,8726824595034129
24772608,17732996816703504
32112640,17750584706732304
24903680,8725798098833424
32243712,8743385988862224
57409536,8725794876624912
58195968,8725729379422224
65536000,8743317269451024
