67755,16505610699539
3627,4506911298814769
68235,16497020764979
1116299,16505579242259
8389811,13531702539325184
8389939,13846162863820544
8390963,4841162632335104
12583219,14409112783687424
3635,13514110553556752
8391731,13531702605385472
8397875,13564756606586624
8406067,13564687887109889
8455219,13531702538276609
8398899,4559756375101184
8407091,4559687655624449
8521779,13531771257753344
12585011,13813177514987264
8527923,13564894011985664
8470579,4559687622070019
9437587,4841162585149184
12583315,14411303201279744
9438355,13531702507867904
8429715,4559893764771584
8528019,13567084429577984
9445523,4559756327915264
9453715,4559687608438529
8552595,13531908647423744
9568403,13531771210567424
13631635,13813177467801344
8391955,13848353297141504
12585235,14411303217008384
8552723,13846368971919104
12615955,14409181486386944
12648723,14411303200231169
13631763,14409112767958784
8399891,13566947039907584
8408083,13566878320430849
8424467,13531771257753344
9440275,13531702539325184
8430611,13564894011985664
8471571,13566878286876419
8431635,4559893780500224
8529939,13567084445306624
8554515,13531908663152384
8495123,4559893763723009
8560659,13565168873115392
12623891,13846368971919104
8593427,13567084428529409
9576467,13564893996257024
8503315,4559756324769539
8568851,13564893995208449
8601619,13566946989575939
9519123,4559687606341379
12664851,13848353246809859
8618003,13531908646375169
67811,16505879134979
1082019,3431732347664
1082531,4507031359718144
84131,34097796743939
1083555,7829778858752
1116323,16522792665857
1085603,3569137746704
1089699,21161323791104
1212579,4507168765117184
1343651,3569406182144
7715,4506980018291504
134691,13514179273032464
527907,4788386275525424
4197923,13795585530266384
1085987,1370145948464
1213475,13512169028059904
1087523,3569169203984
1091619,21161355248384
1214499,4507168796574464
1345571,3569437639424
1116355,16505847677699
1116803,16505612796689
1117315,4520105240167169
1132675,34097765286659
3641,13514101963621169
68249,4520092353168179
68761,13527291607909139
1116329,16505612796179
606537,900500291584319
16859465,900500828455199
8471113,56075378230079
94281,56281519882559
348233,21097684664639
8474697,56144080929599
352329,56282056753439
8732745,56144617800479
8994889,337550338163519
17383497,865316456366399
25247817,337550875034399
42025033,56075898389279
1116809,16497022861619
8456841,34084911842099
8417545,546663437435699
8937737,1109475951903539
1116337,4520105240167169
7729,13514170683097904
36401,13514179273032464
527921,13795576940331824
1052209,13514110554604304
4359217,67836787992560384
68817,13527291876344579
85137,13544883793953539
1117329,13527295904973569
4328721,68419378831426304
4334865,68452501585658624
4331025,67836775107658544
4851217,68399587622126384
4332561,67838974130914064
4336657,67856566316958464
4361233,67838978425881344
4590609,67838974399349504
4852753,68401786645381904
6425617,68401786645385984
21105681,68401786913817344
4854801,68399725027525424
21365777,68399725832831744
1116385,16505881231619
1132705,34097798840579
8472737,69273578898179
9504929,34097798841089
40481,4507117457244464
138785,13514308122050864
167457,13514316711985424
4722209,14358526893752624
8675649,546664242742019
25190721,1109476757209859
8473217,69269283930899
8473729,4572868911301379
9521281,69273547440899
8483073,548862460691219
8941825,1109613390857009
8511745,548866755658499
8610049,5052462088061699
8741121,548862729126659
9003265,1111674975159059
10576129,1111674975163139
12673281,5615274602529539
25256193,1111675243594499
12738817,14620412272968449
25452801,1109614196163329
3642,13511911530300209
176154,13529434745209649
430106,13511842827600689
69162,4506911298814259
307274,18636668404019
430154,4504644109730099
8417546,545568220775219
8446218,545576810709779
8937738,1108380735243059
192522,4557419862556979
323594,53820503621939
8564746,4557419862557489
8695818,53820503622449
3762,13514110554604304
1082546,13512031591203584
1083570,4507031359718144
1212594,13512168996602624
4326706,68416093181444864
7730,13511980249776944
69170,13514110553555729
527922,13793386507010864
1086002,4503870261691184
1212978,13511069516432144
1086514,13511069516432144
4330546,67835688480932624
1090610,13528661702476544
4334642,67853280666977024
1213490,31525468025914112
4359218,67835705660801792
1344562,13511069784867584
4588594,67835688749368064
4850738,68398500995400464
6423602,68398500995404544
21103666,68398501263835904
1214514,13512169028059904
430162,13511843364471569
434258,13529435550515969
4334866,68451406368998144
4359442,68416230586843904
176402,13846094094009104
434450,13846094362444544
4331026,67835679890998064
4359698,67835688480932624
4851218,68398492405465904
176658,13529434761986864
430610,13511842844377904
4361234,67836787992560384
4854802,68398629810864944
4883474,68398638400799504
6456338,68398638400803584
21136402,68398638669234944
21365778,68398630616171264
192530,13564619117298449
700434,13810909721920304
8564754,13564619117299472
954386,13793317804311344
17207314,13793318341182224
33984530,13511843364537104
450578,13564619385733889
8822802,13564619385734912
17211410,13810910527226624
33988626,13529435550581504
1086114,1370148045104
1213602,13512169030156544
1087650,3569171300624
1091746,21161357345024
1214626,4507168798671104
1345698,3569439736064
9472162,21023918392064
9478306,54146672624384
138786,13512117688729904
4722210,14356336460431664
9474594,17862820365104
9478690,53047192453904
9479202,4556646819824384
9602082,13528661702476544
9480226,54146704081664
8446274,545577079145219
8675650,545569026081539
25190722,1108381540549379
323650,53821040492819
8695874,53821040493329
450626,4557420667863299
8822850,4557420667863809
8941826,1108518174196529
700674,5401844792688944
4370690,14409044047429904
831746,898245433753904
17084674,898245970624784
8511746,546676322337539
8970498,1108526764131089
10543362,1108526764135169
12640514,5612126391501569
25223426,1108527032566529
12738818,14619317056307969
25452802,1108518979502849
4628738,14409044315865344
17211650,5401845597995264
177666,13529434795540784
431618,13511842877931824
8565250,4557419879334704
8696322,53820520399664
8565762,13564619134075664
8823810,13564619402511104
4894722,14373859675341104
9089026,4838894839268144
12759042,13846094094009104
9220098,335295480333104
17608706,863061598535984
25473026,335296017203984
42250242,53821040558864
5148674,14356267757732144
17731586,5349069039862064
21401602,14356268294603024
13017090,13846094362444544
21405698,14373860480647424
25600002,4838895644574464
42377218,4557420667929344
19398988,4239717642088499
50597964,281685161873459
51118156,844497676341299
52691020,844497676349459
23593036,8725725083414579
6832396,8778500836241459
19415308,4274901477306419
52953356,4239717642219569
57147404,8725725083545649
15204628,17785700090983184
31457556,17785700359418624
56623380,17750516524331264
57147412,17732924338286864
50602308,897411673427969
50610500,897274234474499
19415364,4274902014177299
23085380,8778501641547779
51122244,844635115294769
52695108,844635115302929
50618436,334461720006659
52699204,862227301347329
52707396,862089862393859
52723780,844639410270209
52756548,845597187977219
52822084,5348234742673409
54919236,14355433997406209
6817540,17750515769225264
52953860,4239717658996784
56624388,17750516541108224
6828292,8778706994671664
19411204,4275107635736624
6951172,17750721877323824
19665156,4239923800518704
52957444,4239786361696304
6955268,17785906249412624
23208196,17785906517848064
19669252,4275108172607504
23339268,8778707799977984
52961540,4274970733785104
56631556,8778570361155584
52969732,4274902014308369
56639748,8778501641678849
23462148,17750722682630144
56754436,17750585243807744
61341956,4274902014308624
65011972,8778501641679104
23594500,17732923851616304
57147908,8725725100322864
57148420,17732924355063824
23728132,17733129959714864
23859204,8725931241844784
57151492,8725793803022384
23986180,17733130496585744
57278468,17732993057763344
69176,13514101963620659
21496152,17750516524122419
405592,13529422665613619
430168,13511834774536499
23593048,17732924338082099
8417560,5049163553178419
8544536,14056362807919379
8937752,5611976067646259
12607768,14619175322387219
6832408,17785700090908979
21512472,17785700359340339
15204632,17785700090909489
29884696,17785700359340849
192536,13564610527363379
421912,13564606500831539
8564760,13564610527363889
8794136,13564606500832049
561768,281694338810099
791144,281686285746419
17306216,844498800214259
307304,18636685180979
430184,4504644126507059
1052328,4506911301959729
537384,897411991994609
545576,897274553041139
561960,862236209840369
101928,4506980018290739
167464,13512117688729649
200232,13514170683097139
1117736,4506911299862579
4263464,13795576940331059
553512,334462038573299
578088,299286256419059
627240,282793582002419
2658856,844644023800049
4756008,5348243651166449
17338920,844644292231409
4854312,14355434315972849
17568296,844636239167729
177192,13529434795540529
431144,13511842877931569
192552,4557419879333939
323624,53820520398899
606664,900500292632639
16859592,900500829503519
94408,56281520930879
348360,21097685712959
352456,56282057801759
17383624,865316457414719
84808,337550388494399
537416,897407931908339
791368,862224096690419
16859976,898301821976639
21497160,17750516540899379
608584,900500308361279
16861512,900500845232159
307528,335287427268659
405832,4838882759671859
348488,335558010208319
16863560,898370524676159
50598216,862227301204019
50602312,897411673292819
19407176,4274970733580339
21504328,8778570360946739
868680,898370524676159
17383752,2024201712042047
34160968,898301805264959
19415368,4274902014103607
21512520,8778501641470007
21627208,17750585243598899
27787592,4274902014103859
29884744,8778501641470259
661064,13792480336019699
792136,4785281618149619
4724296,14355292850487539
17307208,5348094132617459
793160,282781502406899
17308232,845594016874739
92744,56144131260479
346696,20960296042559
8473160,56075411783999
16861768,302366553276479
33638984,20891576631359
17314376,862224096690419
17338952,844636205613299
4854344,14355430255886579
17437256,5348231538016499
2888264,844631910650099
4985416,5348231538016499
17568328,844632984387827
352840,54083050274879
406600,13529422682390579
431176,13511834791313459
23594056,17732924354859059
96328,56281536659519
350280,21097701441599
354376,56282073530399
17385544,865316473143359
323656,53812450558007
356424,54357911404607
16871496,335558010208319
33648712,54083033563199
421960,4557407782961207
1355848,18636669452339
8695880,53812450558259
4599880,13810897642324019
8794184,4557407782961459
8736840,54083033497919
1478728,4504644110778419
4624456,13793309751246899
51122248,844635115159667
52695112,844635115163699
54792264,5348234742530099
876616,335558010208319
17391688,898370524676159
51126344,862227301204019
25772104,898301805199679
51150920,844639410126899
51249224,5348234742530099
54919240,14355433997271059
23724104,17732993057558579
538376,5401007324397809
546568,5400869885444339
661256,14373022207049969
539400,898507208655089
547592,898369769701619
596744,865384420868339
553736,967776407650547
602888,898507175100659
578312,897411958440179
676616,5401007290843379
807688,897407931908339
6833416,17785700107685939
21513480,17785700376117299
8941832,1108513879228787
10514696,1108513879232819
12611848,5612113506599219
25194760,1108514147664179
4370696,14409035457495089
17084680,898237380689969
4600072,14409031430963249
17182984,5401832713093169
8970504,1108518174196019
9068808,5612113506599219
12738824,14619312761340179
9199880,1108514147664179
25452808,1108514684535059
6955272,17785906249338929
21635336,17785906517770289
19669256,4275108172533809
21766408,8778707799900209
6963464,17785768810385459
21643528,17785769078816819
19677448,4274970733580339
21774600,8778570360946739
52969736,4274902014169139
55066888,8778501641535539
21889288,17750722682552369
554504,4838057370976499
4732424,14373022207049969
677384,13810072253628659
4740616,14372884768096499
4757000,14355434315972849
726536,13793579579212019
4789768,14356392093679859
2758152,14355430021009649
4855304,32369828530487537
17438216,14355430289441009
4986376,14355430289441009
17569288,5348231571570929
555528,335557255233779
604680,302571906400499
629256,284984015323379
727560,4788579347726579
858632,284979988791539
2693640,847792234828019
4790792,5351391862194419
17373704,847792503259379
4856328,14356529532633329
17570312,845731455828209
2650632,897407663476979
4747784,5401007290843379
17330696,897407931908339
4870664,14373022173495539
17584648,862224096690419
4919816,14356529499078899
17633800,845731422273779
193544,13564610544140339
422920,13564606517608499
1241096,4557419863605299
4386824,13846085504073779
1372168,53820504670259
17100808,335287427268659
33878024,53812450623539
4616200,13846081477541939
17199112,4838882759671859
33976328,4557407783026739
21377032,14373847595745329
21401608,14356259704668209
23986184,17733130496512049
1052336,13514110556700944
4334896,68451406402552064
4359472,68416230620397824
12715312,68451268963599104
40496,13512117688729904
176688,13529434795540784
430640,13511842877931824
4854832,68398629844418864
12723248,67888456449131264
4883504,68398638434353424
6456368,68398638434357504
12747824,67853280666977024
21136432,68398638702788864
21365808,68398630649725184
8564784,13564619134075664
8822832,13564619402511104
8544592,14056363076354819
8675664,5049164358484739
12607824,14619175590822659
25190736,5611976872952579
21512528,17785700896211219
23085392,17785700896215299
29884752,17785700896211729
31457616,17785700896215809
421968,13564607037702419
8794192,13564607037702929
450640,13564611332669699
8822864,13564611332670209
4331280,68416217735495984
4335376,68451402107584784
12715792,68451264668631824
15205136,17785700107686704
29885200,17785700376118064
4336912,68452501619212544
12717328,68452364180259584
12719376,68451402074030864
12723472,68521770818208512
12748048,68451406368998144
12977424,68451402342466304
8941840,5612113506599729
12611856,14619312761340689
700688,14409035457495344
930064,14409031430963504
17182992,14409031967834384
6828304,17785906249339184
21508368,17785906517770544
21762320,17750722682552624
15208720,17785768810386224
29888784,17785769078817584
12640528,14619317056307969
8610064,14057462319547139
12673296,14620274834014979
9068816,14619312761340689
10641680,14619312761344769
12738832,32633711270822657
25321744,14619313029776129
12869904,14619313029776129
25452816,5612114311906049
17211664,14409036262801664
21766416,17785907054641424
23339280,17785907054645504
30146832,17785769615688464
31719696,17785769615692544
63439120,17785700896277264
65011984,17785700896281344
4855312,68398625549451632
6428176,68398625549455664
12719632,67853267782075184
21108240,68398625817887024
4859408,68416217735495984
12723728,67888452154163984
4883984,68398629844418864
5113360,68398625817887024
21366288,68398626354757904
13239824,68416080296543024
8565264,13564610544141104
8794640,13564606517609264
4856848,68399725061079344
12725264,67889551665791744
21367824,68399725866385664
13243408,68416217701942064
13247504,68451402074030864
14820368,68451402074034944
29500432,68451402342466304
29754384,68416218507248384
9089040,13846085504074544
9613328,13564619118347024
9318416,13846081477542704
17707024,14373847595745584
25571344,13846082014413584
42348560,13564607037768464
17731600,14356259704668464
23859216,17733130496512304
9871376,13564619386782464
25600016,13846086309380864
42377232,13564611332735744
307808,18636718735409
430688,4504644160061489
431200,13511843414802449
435296,13529435600846849
323680,53821057269779
450656,4557420684640259
40608,4507117458292784
138912,13514308123099184
1056416,4506980021436464
167584,13514316713033744
1183392,13514179276177424
1576608,4788386278670384
4722336,14358526894800944
5246624,13795585533411344
176928,4838894889599024
308000,335295530663984
177440,13846094144339984
435488,13846094412775424
700704,5401844809465904
4370720,14409044064206864
831776,898245450530864
17084704,898245987401744
4628768,14409044332642304
17211680,5401845614772224
106016,4507117457244209
171552,13512392566636592
4234784,13793592665440304
204320,13514308122050609
1187360,13512117689778224
232992,13514316711985169
691744,13793592665440304
4754976,14356405179908144
4787744,14358526893752369
5770784,14356336461479984
177696,13529434862649392
431648,13511842945040432
193056,4557419912888369
324128,53820553953329
4370976,13810909772251184
8565280,4557419912888624
8696352,53820553953584
17084960,300111695446064
33862176,18636718800944
4624928,13793317854642224
17207840,4786119136772144
33985056,4504644160127024
193568,13564619167629329
701472,13810909772251184
8565792,13564619167629584
955424,13793317854642224
17208352,13793318391513104
33985568,13511843414867984
451616,13564619436064769
8823840,13564619436065024
17212448,13810910577557504
33989664,13529435600912384
4894752,14373859692118064
17608736,863061615312944
5148704,14356267774509104
17731616,5349069056639024
21401632,14356268311379984
21405728,14373860497424384
21497664,17750516574453809
19415872,4274902030880819
21513024,8778501658247219
21513536,17785700912988179
23086400,17785700912992259
8941888,1108514147664179
25194816,1108514684535059
831808,898237380689969
930112,5401832713093169
4600128,14409031967834129
19411264,4275108172533809
21508416,8778707799900209
50614592,897411673292819
19419456,4274970733580339
21516608,8778570360946739
21631296,17750722682552369
25223488,1108518979502339
12738880,14619313029775619
25321792,5612114311905539
9199936,1108514684535059
10772800,1108514684539139
12869952,5612114311905539
25452864,1108515758276867
50618688,967780417470467
4628800,14409036262801409
50667840,898511184920579
21635392,17785907054641169
23208256,17785907054645249
50643264,897415968260099
50741568,5401011300663299
21643584,17785769615687699
23216448,17785769615691779
407104,13529422715945009
431680,13511834824867889
23594560,17732924388413489
324160,53812467335219
422464,4557407799738419
422976,13564607054479379
451648,13564611349446659
847936,335287427268659
1372224,53821041541139
946240,4838882759671859
4616256,13846082014412819
5124160,14373847595745329
51138624,862227301204019
5148736,14356259704668209
51187776,845734626787379
23728192,17733130496512049
1499200,4557420668911619
4644928,13846086309380099
51142720,897411673292819
52715584,897411673296899
54812736,5401011300663299
54935616,14373026183315459
54984768,14356533508898819
177920,13846085554405424
407296,13846081527873584
6825728,17785768860717104
21505792,17785769129148464
6833920,17785700141240369
21513984,17785700409671729
21759744,17750585293930544
15206144,17785700141240624
29886208,17785700409671984
55052032,17750516574519344
4371200,14409035474272304
17085184,898237397467184
4600576,14409031447740464
17183488,5401832729870384
6955776,17785906266116144
21635840,17785906534547504
19669760,4275108189311024
21766912,8778707816677424
21889792,17750722699329584
701696,14409035474272304
931072,14409031447740464
17184000,14409031984611344
6829312,17785906266116144
21509376,17785906534547504
21763328,17750722699329584
17212672,14409036279578624
21767424,17785907071418384
23340288,17785907071422464
9007360,1109613390856499
1749248,5401844793737264
4894976,15534935364337712
5419264,14409044048478224
1880320,898245434802224
17608960,2024137287532592
34386176,898237380755504
18133248,898245971673104
5124352,15534931337805872
17707264,6527732619935792
34484480,5401832713158704
21377280,15534931874676752
38154496,14409031967899664
6959360,17786181127245872
21639424,17786181395677232
19673344,4275383050440752
21770496,8778982677807152
52965632,4275108172599344
55062784,8778707799965744
6967552,17785906249338929
21647616,17785906517770289
19681536,4275108172533809
21778688,8778707799900209
21893376,17750997560459312
15339776,17785906249339184
30019840,17785906517770544
55185664,17750722682617904
28053760,4275108172534064
30150912,8778707799900464
12804352,14620412272967939
25518336,1109614196162819
5677312,14409044316913664
18260224,5401845599043584
21405952,15534936169644032
38183168,14409036262866944
21897472,17786181932548112
23470336,17786181932552192
55189760,17785907054706704
56762624,17785907054710784
21905664,17785907054641169
23478528,17785907054645249
30277888,17785907054641424
31850752,17785907054645504
194048,13564610577694769
423424,13564606551162929
1226240,13529434796589104
8566272,13564610577695024
8795648,13564606551163184
17184256,13810897692655664
33961472,13529422716010544
1480192,13511842878980144
17208832,13793309801578544
33986048,13511834824933424
23856640,17732993107890224
57148928,17732924388479024
21377536,14373847612522544
21402112,14356259721445424
23986688,17733130513289264
17708032,14373847612522544
17732608,14356259721445424
23860224,17733130513289264
4911104,14409035457495089
17625088,898237380689969
5140480,14409031430963249
17723392,5401832713093169
21393408,14409031967834129
5943296,14373859676389424
13283328,14409035457495344
18657280,863061599584304
25997312,898237380690224
13512704,14409031430963504
21901312,15499747502587952
38678528,14373847595810864
26095616,5401832713093424
29765632,14409031967834384
6197248,14356267758780464
18780160,5349069040910384
21925888,15482159611510832
38703104,14356259704733744
22450176,14356268295651344
23990272,17733405374418992
57282560,17733130496577584
21422080,14409036262801409
22454272,14373860481695744
29794304,14409036262801664
