8405019,4557479992102675
8454171,4524494643269395
81995,20895284331295
67723,16496987210515
8388787,4524503251029760
8388915,4838963575525120
8389171,4522304260280080
8396851,4557557318291200
8405043,4557488598814465
8454195,4524503249981185
8519731,13529572200943360
12582963,13810978458177280
8405075,4557480260538115
8454227,4524494911704835
8389011,4841153993117440
8389779,13531693915836160
8396947,4559747735883520
8405139,4559679016406785
8421523,4524571953729280
8519827,13531762618535680
12583059,13813168875769600
8389907,13846154240331520
8390931,4841154008846080
8421651,4839032278224640
8454419,4841153992068865
8519955,13846222943031040
8913171,5401904922234640
9437459,4838963559796480
10486035,5401904922238720
25166099,5401905190670080
8390163,13529494925086480
8391187,4524494693601040
8397843,13564747983097600
8406035,13564679263620865
8422419,13529572200943360
8455187,13531693914787585
9438227,13529503482515200
8398867,4559747751612160
8407059,4559679032135425
8423443,4524571969457920
8521747,13531762634264320
9439251,4524503251029760
12584979,13813168891498240
8400915,4557686150532880
8425491,4522510368378640
8523795,13529701033185040
8462355,4559747734834945
8658963,4557686418968320
9445395,4557557302562560
12591123,13846222943031040
8437779,4557557301513985
8536083,13564747966320385
9453587,4557488583085825
12599315,13846154223554305
8486931,4524571952680705
8683539,4522510636814080
12615699,13811047160876800
8585235,13531762617487105
9502739,4524503234252545
12648467,13813168874721025
8781843,13529701301620480
9568275,13529572185214720
13107219,14373919804886800
13631507,13810978442448640
14680083,14373919804890880
29360147,14373920073322240
1081891,1232706994960
1082403,4504832334365440
1085475,1370112394000
1089571,18962298438400
1146915,3431696696065
1212451,4504969739764480
1343523,1370380829440
67779,16497255645955
68227,16497020764945
68739,4520096648135425
84099,34089173254915
100483,16574296621825
176131,4523335002096400
307203,19735643161360
430083,4505743084487440
434179,4523335270531840
82009,4524490616734495
67737,4520092319613715
67753,16497020764435
3625,4506902708879665
82249,337550338162975
82505,20891006140735
86089,20959708840255
90185,56144080929055
344137,20960245711135
606281,302365966074175
16859209,302366502945055
33636425,20891526299935
68745,4520092353167635
71817,16561411719475
592009,297967668953395
1116297,16496989307155
8456329,34084878287635
8413449,546525998482195
530953,284842281402865
594441,284842247848435
67761,4520096648135425
4326449,67836641963672320
67793,4520092588049155
68241,4520092353168145
4326545,67838836659454720
84113,4537684505658115
198801,13527360293831425
1116305,4520096616678145
4262033,13808766551065345
4326673,68417179774616320
6816017,17751615230448400
21496081,17751615498879760
23068945,17751615498883840
4326929,67836637668705040
4330513,67836775074104080
4334609,67854367260148480
4359185,67836779369071360
4391953,67838836658406145
4588561,67836775342539520
4850705,68399587588571920
6423569,68399587588576000
21103633,68399587857007360
176145,13530525666902800
405521,13530521640370960
430097,13512933749293840
434193,13530525935338240
23592977,17734023312839440
67809,16497289199875
84129,34089206808835
100513,16574330175745
8456353,34089206809345
7713,4506971428356400
36385,4506980018290960
134689,13514170683097360
527905,4788377685590320
1052193,4506911299862800
4197921,13795576940331280
8392225,4524494894924560
68289,16492994232595
68801,4520092621603075
329921,16562217025795
1116353,16497257742595
8456385,34085146723075
16844993,297968474259715
33622209,16493497614595
8413505,546526266917635
50659393,284846257668355
84353,350744227086595
8456577,350744227087105
8413569,548725022786305
72321,16561445273905
84609,34084911841555
592513,297967702507825
1116801,16497022861585
8456833,34084911842065
85121,4537684539212035
199809,13527360327385345
1117313,4520096650232065
4263041,13808766584619265
8457345,4537684539212545
92289,69337969852675
8464513,69337969853185
1132673,34089175351555
1149057,16574298718465
9504897,34089175352065
8415489,548725038514945
8417537,546663437435665
8446209,546667732402945
8544513,5050263064806145
8675585,546663705871105
8937729,1109475951903505
10510593,1109475951907585
12607745,5613075579273985
25190657,1109476220338945
15204609,8779600347796240
27787521,4276000988861200
29884673,8779600616227600
31457537,8779600616231680
8564737,4558510784250640
8695809,54911425315600
8794113,4558506757718800
8822785,4558511052686080
3626,4504712275558705
528938,281556631421425
1081898,133195366705
1085482,270600765745
8470602,53880633164575
8413450,545430781821715
561674,281694036820465
176138,4522235490468145
307210,18636131533105
430090,4504643572859185
1081522,4504832302908160
1081906,4503732822737680
1083442,4504832334365440
1085490,4503870228136720
1089586,4521462414181120
1343538,4503870496572160
5275698,13792407020634880
4326674,68416084557955840
6816018,17750520013787920
21496082,17750520282219280
23068946,17750520282223360
4326930,67835542452044560
4328466,67836641963672320
4330514,67835679857443600
4334610,67853272043488000
4588562,67835680125879040
4850706,68398492371911440
5374994,67835551009473280
6423570,68398492371915520
21103634,68398492640346880
307218,4522235758904080
405522,13529426423710480
23592978,17732928096178960
1343586,271406072065
3746,4506911299862800
1082018,1232709091600
1082530,4504832336462080
1085602,1370114490640
1089698,18962300535040
1147042,3431698792705
1212578,4504969741861120
1343650,1370382926080
9470114,18824861582080
8413474,545439388533505
1089826,334522135609600
9470242,334384696656640
7714,4504780995035440
69154,4506911298814225
134690,13511980249776400
527906,4786187252269360
4197922,13793386507010320
8392226,4522304461603600
1090082,17862820364560
1212962,4503870261690640
1344034,270902755600
1606178,281608172077360
9470498,17725381411600
1086498,4503870261690640
1090594,4521462447735040
1344546,4503870530126080
5276706,13792407054188800
9471010,4521325008782080
1087522,1370145947920
1091618,18962331992320
1148962,3431730249985
1214498,4504969773318400
1345570,1370414383360
9472034,18824893039360
1609762,281745577476400
9474082,17862786810640
1105954,53047158898945
9486370,52909719945985
5406754,13792544459587840
9601058,4521462414181120
9732130,17863055246080
18120738,281746382782720
34897954,271406137600
8413506,545431050257155
307266,18636668403985
430146,4504644109730065
434242,4522236295774465
50626626,281698046640385
8417538,545568220775185
176386,4838894839267600
307458,335295480332560
8478978,546530293449475
8544514,5049167848145665
8675586,545568489210625
8937730,1108380735243025
9462018,545439372804865
10510594,1108380735247105
12607746,5611980362613505
25190658,1108381003678465
434434,4838895107703040
15204610,8778505131135760
27787522,4274905772200720
29884674,8778505399567120
31457538,8778505399571200
176642,4522235507245360
307714,18636148310320
430594,4504643589636400
177154,13529434761986320
431106,13511842844377360
435202,13529435030421760
192514,4557419862556945
323586,53820503621905
700418,4803710467178800
4370434,13810909721919760
831490,300111108243760
17084418,300111645114640
33861634,18636668469520
8794114,4557411541058320
954370,4786118549569840
4624386,13793317804310800
8818690,4522235758904080
17207298,4786119086440720
33984514,4504644109795600
450562,4557420130992385
4628482,13810909990355200
17211394,4803711272485120
33988610,4522236295840000
33636428,18692503179295
50593868,281547722919955
6816012,8743316464152625
19398924,4239717105217585
2626060,844493666463985
23592972,8725724546543665
6816020,17750515718893840
23068948,17750515987329280
6423572,68398488077021440
23592980,17732923801284880
50594116,862089862385665
19398980,4239717642088465
23068996,8743317269458945
50597956,281685161873425
50602052,299277347917825
50610244,299139908964355
50626628,281689456840705
50659396,282647234547715
50724932,4785284789243905
51118148,844497676341265
54788164,5348097303711745
23593028,8725725083414545
6816516,8743316480929840
19399428,4239717121994800
6817028,17750515735670800
23069956,17750516004106240
6820100,8743385183629360
19403012,4239785824694320
10510596,1108376440353025
6824196,8778569555718160
19407108,4274970196783120
23077124,8778569824153600
6832388,8778500836241425
19415300,4274901477306385
23085316,8778501104676865
6947076,17750584438370320
23200004,17750584706805760
19661060,4239786361565200
23331076,8743385988935680
15204612,8778500836241680
40370436,8743316732719120
27787524,4274901477306640
55050500,8743317269581840
31457540,8778501104677120
23593476,8725724563320880
23593988,17732923818061840
33861636,18628078669840
33959940,4522223411073040
33984516,4504635519995920
23597060,8725793266020400
33988612,4522227706040320
23724036,17732992520761360
23855108,8725793802891280
3640,13511902940365105
8470616,4557475965567775
8413464,5049026114224915
6816024,17750515718820145
21496088,17750515987251505
529944,13792342628631025
4326936,67835538157076785
659992,13792480034030065
4723224,14355292548497905
4330520,67835675562475825
4850712,68398488076943665
176152,13529426155274545
405528,13529422128742705
430104,13511834237665585
23592984,17732923801211185
3688,4504703954059315
529000,281548309922035
82536,18696311406655
84072,20895334662175
3752,4506902709927985
529192,862090180952305
20008,4522295871668275
36392,4504780995035185
134696,13511971659841585
1052200,4504712276607025
4197928,13793377917075505
537128,299277666484465
545320,299140227530995
594472,282647553114355
660008,4785285107810545
791080,281685748875505
1577512,281556632469745
2626088,844497994911985
4723240,5348097622278385
17306152,844498263343345
176168,4522235507245105
307240,18636148310065
430120,4504643589636145
82376,337550339211295
82632,20891007189055
86216,20959709888575
90312,56144081977375
344264,20960246759455
606408,302365967122495
1130696,20895287476255
8470728,56075362500895
16859336,302366503993375
33636552,20891527348255
529224,862086120866035
82760,335351331684415
84296,337550354939935
86344,335420034383935
344392,335420571254815
2179400,898301268332575
4276552,5401900895698975
33636680,335351851843615
50594120,862089862250515
6816072,8743316732514355
23069000,8743317269385235
529992,4785143642325235
83528,4522291643809855
531016,282643526582515
537160,299273606398195
561736,281685715321075
660040,4785281047724275
2626120,844493934825715
4723272,5348093562192115
34083400,281544518336755
90696,53945074450495
344648,18761239232575
8471112,53876354974015
16859720,300167496466495
33636936,18692519821375
50594376,281547739562035
85064,4524490667065375
88136,20959725617215
92232,56144097706015
346184,20960262488095
608328,302365982851135
8472648,56075378229535
16861256,302366519722015
33638472,20891543076895
176200,4522227168968755
118856,18902419505215
217160,4522497751908415
8474696,53945057673535
16863304,300236199166015
33640520,18761222520895
122952,54086791594015
221256,4557682123997215
614472,335420034383935
16867400,335420571254815
33644616,53945594609695
434248,4522227705839635
50602056,299277347782675
376904,18902956376095
475208,4522498288779295
868424,300236199166015
8732744,53945594544415
2703432,863116896243775
4800584,5366716523610175
8994888,335351314907455
34160712,300167479754815
18956360,863117433114655
21053512,5366717060481055
25247816,335351851778335
42025032,53876875133215
50626632,281689456705555
50724936,4785284789108755
52691016,844497676210195
54788168,5348097303576595
531080,284842282451185
594568,284842248896755
530184,5365685513355505
531208,863185397612785
561928,862227586351345
594696,863185364058355
660232,5365822918754545
791304,862223559819505
8917768,897270224519665
8413960,545426503631155
6817032,17750515735597105
21497096,17750516004028465
176392,4838886249332785
307464,335286890397745
405768,4838882222800945
8446216,545568220774675
8544520,5049163553177875
8675592,545564194242835
10510600,1108376440279315
12607752,5611976067645715
25190664,1108376708710675
6824200,8778569555644465
19407112,4274970196709425
21504264,8778569824075825
23085320,8778501104603155
6881544,8744415975706675
19464456,4240816616771635
21561608,8744416244138035
6947080,17750584438296625
21627144,17750584706727985
19661064,4239786361491505
21758216,8743385988857905
15204616,8778500836167985
27787528,4274901477232945
52953352,4239717642080305
29884680,8778501104599345
55050504,8743317269446705
538120,4802872998887665
546312,4802735559934195
562696,4785285107810545
595464,4786242885517555
792072,4785281081278705
2627080,5348093327315185
17307144,5348093595746545
539144,300372883144945
547336,300235444191475
563720,282784992067825
662024,4786380324471025
793096,282780965535985
2628104,845593211572465
4725256,5349192838938865
17308168,845593480003825
602632,300372849590515
2634248,862223291388145
4731400,5365822918754545
8925704,334457710051825
17314312,862223559819505
578056,299277632930035
676360,4802872965333235
807432,299273606398195
2642440,862085852434675
4739592,5365685479801075
8933896,334320271098355
17322504,862086120866035
627208,282784958513395
1610248,281694037868785
2658824,844635400311025
4755976,5348235027677425
17338888,844635668742385
725512,4786380290916595
856584,282780931981555
2691592,845593178018035
4788744,5349192805384435
17371656,845593446449395
2757128,5348230732714225
17437192,5348231001145585
2888200,844631373779185
4985352,5348231001145585
34345480,281681957290225
50860552,844494471758065
177160,13529426172051505
406536,13529422145519665
431112,13511834254442545
23593992,17732923817988145
241672,4523326412161075
372744,19727053226035
1224712,4522235491516465
4370440,13810901131984945
8564744,4557411272622385
1355784,18636132581425
8695816,53811913687345
17084424,300103055179825
33861640,18628078534705
471048,4523322385629235
4599816,13810897105453105
8794120,4557407246090545
17182728,4803698387583025
33959944,4522223410937905
446472,4522227168968755
495624,4505734494552115
1478664,4504643573907505
4624392,13793309214375985
17207304,4786110496505905
33984520,4504635519860785
450568,4557411541057555
23609352,8743316732514355
23658504,8726824058097715
23724040,17732992520687665
23855112,8725793802817585
57147400,8725725083406385
3760,13514101964669200
4326704,68416084591509760
7728,13511971659841840
36400,13511980249776400
69168,13514101963620625
527920,13793377917075760
1052208,13511911531348240
8392240,13529495126410000
4330544,67835679890997520
4334640,67853272077041920
4588592,67835680159432960
4850736,68398492405465360
5375024,67835551043027200
6423600,68398492405469440
12715056,67853134638088960
21103664,68398492673900800
176176,13529434761986320
430128,13511842844377360
434224,13529435030421760
8413520,5049026382660355
21496144,17750516524122385
23069008,17750516524126465
4588624,67835676367782145
21103696,68398488882249985
405584,13529422665613585
430160,13511834774536465
434256,13529426960580865
50724944,13792484043849985
54788176,14355296558317825
23593040,17732924338082065
4328592,67838836693008640
4327184,68416080296542480
6816528,17750515735597360
21496592,17750516004028720
4328720,68417179808170240
4330768,68416217701941520
8414480,14056225385743105
4343056,68451264635076865
4359440,68416221996908800
4588816,68416217970376960
8417552,5049163553178385
176400,13846085504074000
405776,13846081477542160
6820112,17750584438296880
21500176,17750584706728240
8446224,5049167848145665
8478992,5050125625852675
8675600,5049163821613825
8937744,5611976067646225
10510608,5611976067650305
25190672,5611976336081665
434448,13846085772509440
6824208,17785768810385680
21504272,17785769078817040
23077136,17785769078821120
6832400,17785700090908945
21512464,17785700359340305
23085328,17785700359344385
21758224,17750585243599120
23331088,17750585243603200
27787536,8778501104603920
55050512,17750516524187920
56623376,17750516524192000
4335120,67853267782074640
4359696,67835679890997520
4589072,67835675864465680
6424080,68398488110502160
12715536,67853130343121680
21104144,68398488378933520
176656,13529426172051760
406032,13529422145519920
430608,13511834254442800
23593488,17732923817988400
4332560,67836775107658000
4336656,67854367293702400
4361232,67836779402625280
4394000,67838836691960065
4590608,67836775376093440
4852752,68399587622125840
6425616,68399587622129920
12717072,67854229854749440
21105680,68399587890561280
6427664,68398625515901200
12719120,67853267748520720
21107728,68398625784332560
4350992,67888452120609025
4858896,68416217701941520
6431760,68416217701945600
21111824,68416217970376960
12731408,67888314681656065
4883472,68398629810864400
5407760,67835688448426240
6456336,68398629810868480
12747792,67853272043488000
21136400,68398630079299840
5112848,68398625784332560
6685712,68398625784336640
12977168,67853268016956160
38142992,67835676367847680
13239312,68416080262988560
14812176,68416080262992640
29492240,68416080531424000
54658064,68398488882315520
192528,13564610527363345
421904,13564606500831505
700432,13810901131985200
1224720,13529434746257680
8695824,4557411541058320
929808,13810897105453360
17182736,13810897642324240
33959952,13529422665679120
954384,13793309214376240
1478672,13511842828648720
8818704,13529426423710480
17207312,13793309751247120
33984528,13511834774602000
23597072,17732992520687920
450576,13564610795798785
1482768,13529435014693120
17211408,13810901937291520
33988624,13529426960646400
23855120,17732993057558800
31981584,17750515987256080
57147408,17732924338147600
69216,4506902977314835
307296,18636685180945
430176,4504644126507025
434272,4522236312551425
50626656,281698063417345
7840,4506971429404720
36512,4506980019339280
134816,13514170684145680
528032,4788377686638640
4198048,13795576941379600
528160,5366720801800240
4198176,14373920056541200
6816544,8743320809377840
19399456,4239721450442800
21496608,8743321077809200
6817056,17750520064118800
21497120,17750520332550160
23069984,17750520332554240
176416,4838894856044560
307488,335295497109520
8446240,545576827486465
434464,4838895124480000
15904,4522502030098480
73248,4506971428356145
269856,4504910112489520
1056288,4504780996083760
4202016,13793446636552240
44576,4522510620033040
142880,13529701284839440
85536,4524494894923795
101920,4506980018290705
298528,4504918702424080
560672,4786255971745840
4230688,13793455226486800
200224,13514170683097105
593440,4788377685590065
1117728,4506911299862545
4263456,13795576940331025
396832,13512109367230480
658976,13793446636552240
1183264,13511980250824720
1576480,4786187253317680
2625056,5349128615759920
17305120,5349128884191280
5246496,13793386508058640
6295072,14356327870500880
20975136,14356328138932240
406048,4522227219300400
434720,4522235809234960
23593504,8725728891768880
308256,4522235809234960
406560,13529426474041360
23594016,17732928146509840
178208,4523335052427280
309280,19735693492240
432160,4505743134818320
436256,4523335320862720
192544,4557419879333905
323616,53820520398865
700448,4803710483955760
4370464,13810909738696720
8564768,4557419879334160
831520,300111125020720
8695840,53820520399120
17084448,300111661891600
33861664,18636685246480
954400,4786118566346800
4624416,13793317821087760
17207328,4786119103217680
33984544,4504644126572560
450592,4557420147769345
4628512,13810910007132160
8822816,4557420147769600
17211424,4803711289262080
33988640,4522236312616960
50659520,284846258716675
19399488,4239717658791985
21496640,8743317286158385
21497152,17750516540899345
23070016,17750516540903425
8417600,545564194242835
307520,335287427268625
405824,4838882759671825
50598208,862227301203985
19403072,4239786361491505
21500224,8743385988857905
8446272,545568489210115
8544576,5049163821613315
8937792,1108376708710675
10510656,1108376708714755
12607808,5611976336081155
41967936,545427292225795
434496,4838887054639105
19407168,4274970733580305
21504320,8778570360946705
23077184,8778570360950785
6832448,8778501104603155
50626880,862231596171265
50659648,863189373878275
19464512,4240817153642515
21561664,8744416781008915
23134528,8744416781012995
50725184,5365826928574465
21627200,17750585243598865
23200064,17750585243602945
58982720,897274234339585
27787584,4274902014103825
29884736,8778501641470225
31457600,8778501641474305
307776,18628095246385
406080,4522223427649585
430656,4504635536572465
50598464,281685178515505
51118656,844497692983345
23593536,8725725100118065
406592,13529422682390545
431168,13511834791313425
435264,13529426977357825
50725952,13792484060626945
54789184,14355296575094785
23594048,17732924354859025
50661440,284846274445315
192576,4557411541057555
372800,19727590096915
831552,300103055179825
1355840,18636669452305
8695872,53812450558225
471104,4523322922500115
929856,4803698387583025
4599872,13810897642323985
8794176,4557407782961425
446528,4522227705839635
50614336,299277347782675
495680,4505735031422995
954432,4786110496505905
1478720,4504644110778385
4624448,13793309751246865
50663488,282784673366035
52695104,844635115163665
54792256,5348234742530065
23597120,8725793802817585
499776,4523327217467395
1482816,4522236296822785
4628544,13810901937291265
8822848,4557412077928705
50667584,300376859410435
51126336,862227301203985
52699200,862227301208065
54796352,5365826928574465
58990656,334461719871745
50643008,299281642749955
50741312,4802876975153155
51134528,862089862250515
52707392,862089862254595
54804544,5365689489620995
58998848,334324280918275
23609408,8743317269385235
50692160,282788968333315
51150912,844639410126865
51675200,281698047688705
52723776,844639410130945
54820928,5348239037497345
50790464,4786384300736515
51183680,845597187833875
52756544,845597187837955
54853696,5349196815204355
23658560,8726824594968595
51249216,5348234742530065
52822080,5348234742534145
23724096,17732993057558545
8479104,548725022785795
1224832,4523335005241360
1355904,19735646306320
1478784,4505743087632400
1482880,4523335273676800
19400448,8743316782846000
23070464,17750516037586960
6818560,8744416026038320
19401472,4240816667103280
21498624,8744416294469680
8418048,545563942584625
176896,4838886266110000
307968,335286907174960
406272,4838882239578160
8938240,1108376457052465
6824704,8778569572421680
19407616,4274970213486640
21504768,8778569840853040
6832896,8778500852944945
19415808,4274901494009905
21512960,8778501121376305
6947584,17750584455073840
21627648,17750584723505200
19661568,4239786378268720
21758720,8743386005635120
15205120,8778500852945200
27788032,4274901494010160
52953856,4239717658857520
29885184,8778501121376560
55051008,8743317286223920
6819072,17751615280779280
21499136,17751615549210640
23072000,17751615549214720
177408,13846085520850960
406784,13846081494319120
6821120,17750584455073840
21501184,17750584723505200
8545536,14056362824696065
12608768,14619175339163905
435456,13846085789286400
6825216,17785768827162640
21505280,17785769095594000
23078144,17785769095598080
6833408,17785700107685905
21513472,17785700376117265
23086336,17785700376121345
21759232,17750585260376080
23332096,17750585260380160
15205632,17785700107686160
29885696,17785700376117520
55051520,17750516540964880
31458560,17785700376121600
56624384,17750516540968960
8481024,548725038514435
8483072,546663437435155
10514688,1108513879232785
12611840,5612113506599185
25194752,1108514147664145
1224960,4838894840315920
2273536,5401836202758160
16953600,5401836471189520
1356032,335295481380880
2404608,898236843823120
4501760,5401836471189520
33861888,335287427334160
2502912,5401832176226320
33960192,4838882759737360
23081216,8778707263033360
6836480,8778569555644465
19419392,4274970196709425
21516544,8778569824075825
954624,5366652099100720
4624640,14373851353841680
17207552,5366652635971600
6852864,8743526917476400
19435776,4239927558541360
21532928,8743527185907760
19534080,8743522890944560
23204096,17750722145685520
7082240,8743522890944560
23335168,8743523427815440
15208704,8778569555644720
27791616,4274970196709680
52957440,4239786361557040
29888768,8778569824076080
55054592,8743385988923440
8511744,546667732402435
8970496,1108518174195985
9494784,545576811757825
10543360,1108518174200065
12640512,5612117801566465
25223424,1108518442631425
8610048,5050263064805635
8741120,546663705870595
9003264,1109475951902995
10576128,1109475951907075
12673280,5613075579273475
25256192,1109476220338435
9068800,5612113506599185
10641664,5612113506603265
25321728,5612113775034625
9199872,1108514147664145
10772736,1108514147668225
12869888,5612113775034625
42230016,545564731179265
58745088,1108377245647105
958720,5401836471189520
1483008,4838895108751360
2531584,5401836471193600
33988864,4838887054704640
6856960,8778711289565200
19439872,4275111930630160
21537024,8778711557996560
23109888,8778711558000640
19538176,8778707263033360
7086336,8778707263033360
52961536,4274970733645840
55058688,8778570361012240
56631552,8778570361016320
6897920,8779600347795475
19480832,4276000988860435
21577984,8779600616226835
23150848,8779600616230915
6963456,17785768810385425
21643520,17785769078816785
23216384,17785769078820865
19677440,4274970733580305
21774592,8778570360946705
23347456,8778570360950785
52969728,4274902014169105
55066880,8778501641535505
56639744,8778501641539585
6979840,17750726172217360
21659904,17750726440648720
23232768,17750726440652800
19693824,4239928095412240
21790976,8743527722778640
23363840,8743527722782720
7209216,17750722145685520
19792128,8743523427815440
15335680,17785768810385680
30015744,17785769078817040
55181568,17750585243664400
31588608,17785769078821120
56754432,17750585243668480
28049664,4274970733580560
30146816,8778570360946960
31719680,8778570360951040
61341952,4274902014169360
63439104,8778501641535760
65011968,8778501641539840
308736,4522227219300400
435712,13529426474041360
178688,4523326462492720
309760,19727103557680
408064,4523322435960880
432640,4505734544883760
23595520,8726824108429360
193024,4557411289399345
324096,53811930464305
422400,4557407262867505
1225216,4522235508293680
4370944,13810901148762160
8565248,4557411289399600
1356288,18636149358640
8696320,53811930464560
17084928,300103071957040
33862144,18628095311920
4600320,13810897122230320
8794624,4557407262867760
17183232,4803698404360240
33960448,4522223427715120
1479168,4504643590684720
4624896,13793309231153200
17207808,4786110513283120
33985024,4504635536638000
23724544,17732992537464880
23855616,8725793819594800
57147904,8725725100183600
179200,13530525717233680
408576,13530521690701840
433152,13512933799624720
437248,13530525985669120
23596032,17734023363170320
193536,13564610544140305
422912,13564606517608465
701440,13810901148762160
1225728,13529434763034640
8565760,13564610544140560
930816,13810897122230320
8795136,13564606517608720
17183744,13810897659101200
33960960,13529422682456080
955392,13793309231153200
1479680,13511842845425680
17208320,13793309768024080
33985536,13511834791378960
23598080,17732992537464880
451584,13564610812575745
1483776,13529435031470080
8823808,13564610812576000
17212416,13810901954068480
33989632,13529426977423360
23856128,17732993074335760
57148416,17732924354924560
258048,4558510784249875
389120,54911425314835
716800,4838886249332785
1241088,4557419863605265
4386816,13846085504073745
847872,335286890397745
1372160,53820504670225
17100800,335287427268625
33878016,53812450623505
487424,4558506757718035
946176,4838882222800945
4616192,13846081477541905
17199104,4838882759671825
33976320,4557407783026705
1748992,4803710468227120
2797568,5366651830669360
9089024,4838886249333040
17477632,5366652099100720
5419008,13810909722968080
9613312,4557419863605520
6467584,14373851085410320
12759040,13846085504074000
21147648,14373851353841680
1880064,300111109292080
2928640,863052471734320
5025792,5366652099100720
9220096,335286890398000
34385920,300103055245360
9744384,53820504670480
18132992,300111646162960
34910208,18636669517840
19181568,863053008605200
21278720,5366652635971600
25473024,335287427268880
42250240,53812450623760
3026944,5366647804137520
9318400,4838882222801200
34484224,4803698387648560
6696960,14373847058878480
19279872,5366648341008400
12988416,13846081477542160
38154240,13810897642389520
25571328,4838882759672080
42348544,4557407783026960
23605248,8743522890944560
2002944,4786118550618160
3051520,5349059913060400
34508800,4786110496571440
5672960,13793317805359120
18255872,4786119087489040
35033088,4504644110843920
6721536,14356259167801360
19304448,5349060449931280
38178816,13793309751312400
23629824,8725934999867440
57151488,8725793802883120
516096,4558511052685315
1499136,4557420132040705
4644864,13846085772509185
17227776,4838887054639105
34004992,4557412077993985
5152768,14373851353841680
17735680,5366652635971600
5677056,13810909991403520
9871360,4557420132040960
18259968,4803711273533440
35037184,4522236296888320
6725632,14373851353845760
19308544,5366652635975680
13017088,13846085772509440
38182912,13810901937356800
25600000,4838887054639360
42377216,4557412077994240
23732224,17750722145685520
23863296,8743523427815440
23756800,17733134254608400
23887872,8725935536738320
57278464,17732993057624080
